iteration=0
(0,0,0):-1
(0,0,1):-1
(0,0,2):-1
(0,1,0):-1
(0,1,1):-1
(0,1,2):-1
(0,2,0):-1
(0,2,1):-1
(0,2,2):-1
(0,3,0):-1
(0,3,1):-1
(0,3,2):-1
(1,0,0):RECHARGE=[-2.500]
(1,0,1):DODGE=[-2.500]
(1,0,2):DODGE=[-2.500]
(1,1,0):RECHARGE=[-2.500]
(1,1,1):SHOOT=[4.750]
(1,1,2):SHOOT=[4.750]
(1,2,0):RECHARGE=[-2.500]
(1,2,1):SHOOT=[4.750]
(1,2,2):SHOOT=[4.750]
(1,3,0):RECHARGE=[-2.500]
(1,3,1):SHOOT=[4.750]
(1,3,2):SHOOT=[4.750]
(2,0,0):RECHARGE=[-2.500]
(2,0,1):DODGE=[-2.500]
(2,0,2):DODGE=[-2.500]
(2,1,0):RECHARGE=[-2.500]
(2,1,1):SHOOT=[4.750]
(2,1,2):SHOOT=[4.750]
(2,2,0):RECHARGE=[-2.500]
(2,2,1):SHOOT=[4.750]
(2,2,2):SHOOT=[4.750]
(2,3,0):RECHARGE=[-2.500]
(2,3,1):SHOOT=[4.750]
(2,3,2):SHOOT=[4.750]
(3,0,0):RECHARGE=[-2.500]
(3,0,1):DODGE=[-2.500]
(3,0,2):DODGE=[-2.500]
(3,1,0):RECHARGE=[-2.500]
(3,1,1):SHOOT=[4.750]
(3,1,2):SHOOT=[4.750]
(3,2,0):RECHARGE=[-2.500]
(3,2,1):SHOOT=[4.750]
(3,2,2):SHOOT=[4.750]
(3,3,0):RECHARGE=[-2.500]
(3,3,1):SHOOT=[4.750]
(3,3,2):SHOOT=[4.750]
(4,0,0):RECHARGE=[-2.500]
(4,0,1):DODGE=[-2.500]
(4,0,2):DODGE=[-2.500]
(4,1,0):RECHARGE=[-2.500]
(4,1,1):SHOOT=[4.750]
(4,1,2):SHOOT=[4.750]
(4,2,0):RECHARGE=[-2.500]
(4,2,1):SHOOT=[4.750]
(4,2,2):SHOOT=[4.750]
(4,3,0):RECHARGE=[-2.500]
(4,3,1):SHOOT=[4.750]
(4,3,2):SHOOT=[4.750]
iteration=1
(0,0,0):-1
(0,0,1):-1
(0,0,2):-1
(0,1,0):-1
(0,1,1):-1
(0,1,2):-1
(0,2,0):-1
(0,2,1):-1
(0,2,2):-1
(0,3,0):-1
(0,3,1):-1
(0,3,2):-1
(1,0,0):RECHARGE=[-2.750]
(1,0,1):DODGE=[-2.750]
(1,0,2):DODGE=[-2.286]
(1,1,0):RECHARGE=[-2.170]
(1,1,1):SHOOT=[4.625]
(1,1,2):SHOOT=[4.625]
(1,2,0):RECHARGE=[-2.170]
(1,2,1):SHOOT=[4.625]
(1,2,2):SHOOT=[4.987]
(1,3,0):RECHARGE=[-2.170]
(1,3,1):SHOOT=[4.625]
(1,3,2):SHOOT=[4.987]
(2,0,0):RECHARGE=[-2.750]
(2,0,1):DODGE=[-2.750]
(2,0,2):DODGE=[-2.286]
(2,1,0):RECHARGE=[-2.170]
(2,1,1):SHOOT=[4.500]
(2,1,2):SHOOT=[4.500]
(2,2,0):RECHARGE=[-2.170]
(2,2,1):SHOOT=[4.500]
(2,2,2):SHOOT=[5.225]
(2,3,0):RECHARGE=[-2.170]
(2,3,1):SHOOT=[4.500]
(2,3,2):SHOOT=[5.225]
(3,0,0):RECHARGE=[-2.750]
(3,0,1):DODGE=[-2.750]
(3,0,2):DODGE=[-2.286]
(3,1,0):RECHARGE=[-2.170]
(3,1,1):SHOOT=[4.500]
(3,1,2):SHOOT=[4.500]
(3,2,0):RECHARGE=[-2.170]
(3,2,1):SHOOT=[4.500]
(3,2,2):SHOOT=[5.225]
(3,3,0):RECHARGE=[-2.170]
(3,3,1):SHOOT=[4.500]
(3,3,2):SHOOT=[5.225]
(4,0,0):RECHARGE=[-2.750]
(4,0,1):DODGE=[-2.750]
(4,0,2):DODGE=[-2.286]
(4,1,0):RECHARGE=[-2.170]
(4,1,1):SHOOT=[4.500]
(4,1,2):SHOOT=[4.500]
(4,2,0):RECHARGE=[-2.170]
(4,2,1):SHOOT=[4.500]
(4,2,2):SHOOT=[5.225]
(4,3,0):RECHARGE=[-2.170]
(4,3,1):SHOOT=[4.500]
(4,3,2):SHOOT=[5.225]
iteration=2
(0,0,0):-1
(0,0,1):-1
(0,0,2):-1
(0,1,0):-1
(0,1,1):-1
(0,1,2):-1
(0,2,0):-1
(0,2,1):-1
(0,2,2):-1
(0,3,0):-1
(0,3,1):-1
(0,3,2):-1
(1,0,0):RECHARGE=[-2.775]
(1,0,1):DODGE=[-2.729]
(1,0,2):DODGE=[-2.294]
(1,1,0):RECHARGE=[-2.173]
(1,1,1):SHOOT=[4.612]
(1,1,2):SHOOT=[4.612]
(1,2,0):RECHARGE=[-2.173]
(1,2,1):SHOOT=[4.641]
(1,2,2):SHOOT=[4.981]
(1,3,0):RECHARGE=[-2.173]
(1,3,1):SHOOT=[4.641]
(1,3,2):SHOOT=[4.981]
(2,0,0):RECHARGE=[-2.775]
(2,0,1):DODGE=[-2.729]
(2,0,2):DODGE=[-2.302]
(2,1,0):RECHARGE=[-2.183]
(2,1,1):SHOOT=[4.475]
(2,1,2):SHOOT=[4.475]
(2,2,0):RECHARGE=[-2.183]
(2,2,1):SHOOT=[4.533]
(2,2,2):SHOOT=[5.206]
(2,3,0):RECHARGE=[-2.183]
(2,3,1):SHOOT=[4.533]
(2,3,2):SHOOT=[5.206]
(3,0,0):RECHARGE=[-2.775]
(3,0,1):DODGE=[-2.729]
(3,0,2):DODGE=[-2.302]
(3,1,0):RECHARGE=[-2.183]
(3,1,1):SHOOT=[4.475]
(3,1,2):SHOOT=[4.475]
(3,2,0):RECHARGE=[-2.183]
(3,2,1):SHOOT=[4.533]
(3,2,2):SHOOT=[5.200]
(3,3,0):RECHARGE=[-2.183]
(3,3,1):SHOOT=[4.533]
(3,3,2):SHOOT=[5.200]
(4,0,0):RECHARGE=[-2.775]
(4,0,1):DODGE=[-2.729]
(4,0,2):DODGE=[-2.302]
(4,1,0):RECHARGE=[-2.183]
(4,1,1):SHOOT=[4.475]
(4,1,2):SHOOT=[4.475]
(4,2,0):RECHARGE=[-2.183]
(4,2,1):SHOOT=[4.533]
(4,2,2):SHOOT=[5.200]
(4,3,0):RECHARGE=[-2.183]
(4,3,1):SHOOT=[4.533]
(4,3,2):SHOOT=[5.200]
iteration=3
(0,0,0):-1
(0,0,1):-1
(0,0,2):-1
(0,1,0):-1
(0,1,1):-1
(0,1,2):-1
(0,2,0):-1
(0,2,1):-1
(0,2,2):-1
(0,3,0):-1
(0,3,1):-1
(0,3,2):-1
(1,0,0):RECHARGE=[-2.774]
(1,0,1):DODGE=[-2.729]
(1,0,2):DODGE=[-2.294]
(1,1,0):RECHARGE=[-2.174]
(1,1,1):SHOOT=[4.611]
(1,1,2):SHOOT=[4.614]
(1,2,0):RECHARGE=[-2.172]
(1,2,1):SHOOT=[4.641]
(1,2,2):SHOOT=[4.981]
(1,3,0):RECHARGE=[-2.172]
(1,3,1):SHOOT=[4.641]
(1,3,2):SHOOT=[4.982]
(2,0,0):RECHARGE=[-2.774]
(2,0,1):DODGE=[-2.730]
(2,0,2):DODGE=[-2.303]
(2,1,0):RECHARGE=[-2.186]
(2,1,1):SHOOT=[4.473]
(2,1,2):SHOOT=[4.477]
(2,2,0):RECHARGE=[-2.181]
(2,2,1):SHOOT=[4.532]
(2,2,2):SHOOT=[5.204]
(2,3,0):RECHARGE=[-2.181]
(2,3,1):SHOOT=[4.532]
(2,3,2):SHOOT=[5.209]
(3,0,0):RECHARGE=[-2.774]
(3,0,1):DODGE=[-2.730]
(3,0,2):DODGE=[-2.303]
(3,1,0):RECHARGE=[-2.186]
(3,1,1):SHOOT=[4.473]
(3,1,2):SHOOT=[4.477]
(3,2,0):RECHARGE=[-2.181]
(3,2,1):SHOOT=[4.532]
(3,2,2):SHOOT=[5.197]
(3,3,0):RECHARGE=[-2.181]
(3,3,1):SHOOT=[4.532]
(3,3,2):SHOOT=[5.203]
(4,0,0):RECHARGE=[-2.774]
(4,0,1):DODGE=[-2.730]
(4,0,2):DODGE=[-2.303]
(4,1,0):RECHARGE=[-2.186]
(4,1,1):SHOOT=[4.473]
(4,1,2):SHOOT=[4.477]
(4,2,0):RECHARGE=[-2.181]
(4,2,1):SHOOT=[4.532]
(4,2,2):SHOOT=[5.197]
(4,3,0):RECHARGE=[-2.181]
(4,3,1):SHOOT=[4.532]
(4,3,2):SHOOT=[5.203]
iteration=4
(0,0,0):-1
(0,0,1):-1
(0,0,2):-1
(0,1,0):-1
(0,1,1):-1
(0,1,2):-1
(0,2,0):-1
(0,2,1):-1
(0,2,2):-1
(0,3,0):-1
(0,3,1):-1
(0,3,2):-1
(1,0,0):RECHARGE=[-2.774]
(1,0,1):DODGE=[-2.729]
(1,0,2):DODGE=[-2.294]
(1,1,0):RECHARGE=[-2.175]
(1,1,1):SHOOT=[4.611]
(1,1,2):SHOOT=[4.614]
(1,2,0):RECHARGE=[-2.172]
(1,2,1):SHOOT=[4.641]
(1,2,2):SHOOT=[4.981]
(1,3,0):RECHARGE=[-2.172]
(1,3,1):SHOOT=[4.641]
(1,3,2):SHOOT=[4.982]
(2,0,0):RECHARGE=[-2.774]
(2,0,1):DODGE=[-2.730]
(2,0,2):DODGE=[-2.304]
(2,1,0):RECHARGE=[-2.186]
(2,1,1):SHOOT=[4.473]
(2,1,2):SHOOT=[4.477]
(2,2,0):RECHARGE=[-2.181]
(2,2,1):SHOOT=[4.532]
(2,2,2):SHOOT=[5.204]
(2,3,0):RECHARGE=[-2.181]
(2,3,1):SHOOT=[4.532]
(2,3,2):SHOOT=[5.209]
(3,0,0):RECHARGE=[-2.774]
(3,0,1):DODGE=[-2.730]
(3,0,2):DODGE=[-2.304]
(3,1,0):RECHARGE=[-2.186]
(3,1,1):SHOOT=[4.473]
(3,1,2):SHOOT=[4.477]
(3,2,0):RECHARGE=[-2.181]
(3,2,1):SHOOT=[4.531]
(3,2,2):SHOOT=[5.197]
(3,3,0):RECHARGE=[-2.181]
(3,3,1):SHOOT=[4.532]
(3,3,2):SHOOT=[5.203]
(4,0,0):RECHARGE=[-2.774]
(4,0,1):DODGE=[-2.730]
(4,0,2):DODGE=[-2.304]
(4,1,0):RECHARGE=[-2.186]
(4,1,1):SHOOT=[4.473]
(4,1,2):SHOOT=[4.477]
(4,2,0):RECHARGE=[-2.181]
(4,2,1):SHOOT=[4.531]
(4,2,2):SHOOT=[5.197]
(4,3,0):RECHARGE=[-2.181]
(4,3,1):SHOOT=[4.532]
(4,3,2):SHOOT=[5.203]
iteration=5
(0,0,0):-1
(0,0,1):-1
(0,0,2):-1
(0,1,0):-1
(0,1,1):-1
(0,1,2):-1
(0,2,0):-1
(0,2,1):-1
(0,2,2):-1
(0,3,0):-1
(0,3,1):-1
(0,3,2):-1
(1,0,0):RECHARGE=[-2.774]
(1,0,1):DODGE=[-2.729]
(1,0,2):DODGE=[-2.294]
(1,1,0):RECHARGE=[-2.175]
(1,1,1):SHOOT=[4.611]
(1,1,2):SHOOT=[4.614]
(1,2,0):RECHARGE=[-2.172]
(1,2,1):SHOOT=[4.641]
(1,2,2):SHOOT=[4.981]
(1,3,0):RECHARGE=[-2.172]
(1,3,1):SHOOT=[4.641]
(1,3,2):SHOOT=[4.982]
(2,0,0):RECHARGE=[-2.774]
(2,0,1):DODGE=[-2.730]
(2,0,2):DODGE=[-2.304]
(2,1,0):RECHARGE=[-2.186]
(2,1,1):SHOOT=[4.473]
(2,1,2):SHOOT=[4.477]
(2,2,0):RECHARGE=[-2.181]
(2,2,1):SHOOT=[4.532]
(2,2,2):SHOOT=[5.204]
(2,3,0):RECHARGE=[-2.181]
(2,3,1):SHOOT=[4.532]
(2,3,2):SHOOT=[5.209]
(3,0,0):RECHARGE=[-2.774]
(3,0,1):DODGE=[-2.730]
(3,0,2):DODGE=[-2.304]
(3,1,0):RECHARGE=[-2.186]
(3,1,1):SHOOT=[4.473]
(3,1,2):SHOOT=[4.477]
(3,2,0):RECHARGE=[-2.181]
(3,2,1):SHOOT=[4.531]
(3,2,2):SHOOT=[5.197]
(3,3,0):RECHARGE=[-2.181]
(3,3,1):SHOOT=[4.532]
(3,3,2):SHOOT=[5.203]
(4,0,0):RECHARGE=[-2.774]
(4,0,1):DODGE=[-2.730]
(4,0,2):DODGE=[-2.304]
(4,1,0):RECHARGE=[-2.186]
(4,1,1):SHOOT=[4.473]
(4,1,2):SHOOT=[4.477]
(4,2,0):RECHARGE=[-2.181]
(4,2,1):SHOOT=[4.531]
(4,2,2):SHOOT=[5.197]
(4,3,0):RECHARGE=[-2.181]
(4,3,1):SHOOT=[4.532]
(4,3,2):SHOOT=[5.203]
iteration=6
(0,0,0):-1
(0,0,1):-1
(0,0,2):-1
(0,1,0):-1
(0,1,1):-1
(0,1,2):-1
(0,2,0):-1
(0,2,1):-1
(0,2,2):-1
(0,3,0):-1
(0,3,1):-1
(0,3,2):-1
(1,0,0):RECHARGE=[-2.774]
(1,0,1):DODGE=[-2.729]
(1,0,2):DODGE=[-2.294]
(1,1,0):RECHARGE=[-2.175]
(1,1,1):SHOOT=[4.611]
(1,1,2):SHOOT=[4.614]
(1,2,0):RECHARGE=[-2.172]
(1,2,1):SHOOT=[4.641]
(1,2,2):SHOOT=[4.981]
(1,3,0):RECHARGE=[-2.172]
(1,3,1):SHOOT=[4.641]
(1,3,2):SHOOT=[4.982]
(2,0,0):RECHARGE=[-2.774]
(2,0,1):DODGE=[-2.730]
(2,0,2):DODGE=[-2.304]
(2,1,0):RECHARGE=[-2.186]
(2,1,1):SHOOT=[4.473]
(2,1,2):SHOOT=[4.477]
(2,2,0):RECHARGE=[-2.181]
(2,2,1):SHOOT=[4.532]
(2,2,2):SHOOT=[5.204]
(2,3,0):RECHARGE=[-2.181]
(2,3,1):SHOOT=[4.532]
(2,3,2):SHOOT=[5.209]
(3,0,0):RECHARGE=[-2.774]
(3,0,1):DODGE=[-2.730]
(3,0,2):DODGE=[-2.304]
(3,1,0):RECHARGE=[-2.186]
(3,1,1):SHOOT=[4.473]
(3,1,2):SHOOT=[4.477]
(3,2,0):RECHARGE=[-2.181]
(3,2,1):SHOOT=[4.531]
(3,2,2):SHOOT=[5.197]
(3,3,0):RECHARGE=[-2.181]
(3,3,1):SHOOT=[4.532]
(3,3,2):SHOOT=[5.203]
(4,0,0):RECHARGE=[-2.774]
(4,0,1):DODGE=[-2.730]
(4,0,2):DODGE=[-2.304]
(4,1,0):RECHARGE=[-2.186]
(4,1,1):SHOOT=[4.473]
(4,1,2):SHOOT=[4.477]
(4,2,0):RECHARGE=[-2.181]
(4,2,1):SHOOT=[4.531]
(4,2,2):SHOOT=[5.197]
(4,3,0):RECHARGE=[-2.181]
(4,3,1):SHOOT=[4.532]
(4,3,2):SHOOT=[5.203]
iteration=7
(0,0,0):-1
(0,0,1):-1
(0,0,2):-1
(0,1,0):-1
(0,1,1):-1
(0,1,2):-1
(0,2,0):-1
(0,2,1):-1
(0,2,2):-1
(0,3,0):-1
(0,3,1):-1
(0,3,2):-1
(1,0,0):RECHARGE=[-2.774]
(1,0,1):DODGE=[-2.729]
(1,0,2):DODGE=[-2.294]
(1,1,0):RECHARGE=[-2.175]
(1,1,1):SHOOT=[4.611]
(1,1,2):SHOOT=[4.614]
(1,2,0):RECHARGE=[-2.172]
(1,2,1):SHOOT=[4.641]
(1,2,2):SHOOT=[4.981]
(1,3,0):RECHARGE=[-2.172]
(1,3,1):SHOOT=[4.641]
(1,3,2):SHOOT=[4.982]
(2,0,0):RECHARGE=[-2.774]
(2,0,1):DODGE=[-2.730]
(2,0,2):DODGE=[-2.304]
(2,1,0):RECHARGE=[-2.186]
(2,1,1):SHOOT=[4.473]
(2,1,2):SHOOT=[4.477]
(2,2,0):RECHARGE=[-2.181]
(2,2,1):SHOOT=[4.532]
(2,2,2):SHOOT=[5.204]
(2,3,0):RECHARGE=[-2.181]
(2,3,1):SHOOT=[4.532]
(2,3,2):SHOOT=[5.209]
(3,0,0):RECHARGE=[-2.774]
(3,0,1):DODGE=[-2.730]
(3,0,2):DODGE=[-2.304]
(3,1,0):RECHARGE=[-2.186]
(3,1,1):SHOOT=[4.473]
(3,1,2):SHOOT=[4.477]
(3,2,0):RECHARGE=[-2.181]
(3,2,1):SHOOT=[4.531]
(3,2,2):SHOOT=[5.197]
(3,3,0):RECHARGE=[-2.181]
(3,3,1):SHOOT=[4.532]
(3,3,2):SHOOT=[5.203]
(4,0,0):RECHARGE=[-2.774]
(4,0,1):DODGE=[-2.730]
(4,0,2):DODGE=[-2.304]
(4,1,0):RECHARGE=[-2.186]
(4,1,1):SHOOT=[4.473]
(4,1,2):SHOOT=[4.477]
(4,2,0):RECHARGE=[-2.181]
(4,2,1):SHOOT=[4.531]
(4,2,2):SHOOT=[5.197]
(4,3,0):RECHARGE=[-2.181]
(4,3,1):SHOOT=[4.532]
(4,3,2):SHOOT=[5.203]
iteration=8
(0,0,0):-1
(0,0,1):-1
(0,0,2):-1
(0,1,0):-1
(0,1,1):-1
(0,1,2):-1
(0,2,0):-1
(0,2,1):-1
(0,2,2):-1
(0,3,0):-1
(0,3,1):-1
(0,3,2):-1
(1,0,0):RECHARGE=[-2.774]
(1,0,1):DODGE=[-2.729]
(1,0,2):DODGE=[-2.294]
(1,1,0):RECHARGE=[-2.175]
(1,1,1):SHOOT=[4.611]
(1,1,2):SHOOT=[4.614]
(1,2,0):RECHARGE=[-2.172]
(1,2,1):SHOOT=[4.641]
(1,2,2):SHOOT=[4.981]
(1,3,0):RECHARGE=[-2.172]
(1,3,1):SHOOT=[4.641]
(1,3,2):SHOOT=[4.982]
(2,0,0):RECHARGE=[-2.774]
(2,0,1):DODGE=[-2.730]
(2,0,2):DODGE=[-2.304]
(2,1,0):RECHARGE=[-2.186]
(2,1,1):SHOOT=[4.473]
(2,1,2):SHOOT=[4.477]
(2,2,0):RECHARGE=[-2.181]
(2,2,1):SHOOT=[4.532]
(2,2,2):SHOOT=[5.204]
(2,3,0):RECHARGE=[-2.181]
(2,3,1):SHOOT=[4.532]
(2,3,2):SHOOT=[5.209]
(3,0,0):RECHARGE=[-2.774]
(3,0,1):DODGE=[-2.730]
(3,0,2):DODGE=[-2.304]
(3,1,0):RECHARGE=[-2.186]
(3,1,1):SHOOT=[4.473]
(3,1,2):SHOOT=[4.477]
(3,2,0):RECHARGE=[-2.181]
(3,2,1):SHOOT=[4.531]
(3,2,2):SHOOT=[5.197]
(3,3,0):RECHARGE=[-2.181]
(3,3,1):SHOOT=[4.532]
(3,3,2):SHOOT=[5.203]
(4,0,0):RECHARGE=[-2.774]
(4,0,1):DODGE=[-2.730]
(4,0,2):DODGE=[-2.304]
(4,1,0):RECHARGE=[-2.186]
(4,1,1):SHOOT=[4.473]
(4,1,2):SHOOT=[4.477]
(4,2,0):RECHARGE=[-2.181]
(4,2,1):SHOOT=[4.531]
(4,2,2):SHOOT=[5.197]
(4,3,0):RECHARGE=[-2.181]
(4,3,1):SHOOT=[4.532]
(4,3,2):SHOOT=[5.203]
iteration=9
(0,0,0):-1
(0,0,1):-1
(0,0,2):-1
(0,1,0):-1
(0,1,1):-1
(0,1,2):-1
(0,2,0):-1
(0,2,1):-1
(0,2,2):-1
(0,3,0):-1
(0,3,1):-1
(0,3,2):-1
(1,0,0):RECHARGE=[-2.774]
(1,0,1):DODGE=[-2.729]
(1,0,2):DODGE=[-2.294]
(1,1,0):RECHARGE=[-2.175]
(1,1,1):SHOOT=[4.611]
(1,1,2):SHOOT=[4.614]
(1,2,0):RECHARGE=[-2.172]
(1,2,1):SHOOT=[4.641]
(1,2,2):SHOOT=[4.981]
(1,3,0):RECHARGE=[-2.172]
(1,3,1):SHOOT=[4.641]
(1,3,2):SHOOT=[4.982]
(2,0,0):RECHARGE=[-2.774]
(2,0,1):DODGE=[-2.730]
(2,0,2):DODGE=[-2.304]
(2,1,0):RECHARGE=[-2.186]
(2,1,1):SHOOT=[4.473]
(2,1,2):SHOOT=[4.477]
(2,2,0):RECHARGE=[-2.181]
(2,2,1):SHOOT=[4.532]
(2,2,2):SHOOT=[5.204]
(2,3,0):RECHARGE=[-2.181]
(2,3,1):SHOOT=[4.532]
(2,3,2):SHOOT=[5.209]
(3,0,0):RECHARGE=[-2.774]
(3,0,1):DODGE=[-2.730]
(3,0,2):DODGE=[-2.304]
(3,1,0):RECHARGE=[-2.186]
(3,1,1):SHOOT=[4.473]
(3,1,2):SHOOT=[4.477]
(3,2,0):RECHARGE=[-2.181]
(3,2,1):SHOOT=[4.531]
(3,2,2):SHOOT=[5.197]
(3,3,0):RECHARGE=[-2.181]
(3,3,1):SHOOT=[4.532]
(3,3,2):SHOOT=[5.203]
(4,0,0):RECHARGE=[-2.774]
(4,0,1):DODGE=[-2.730]
(4,0,2):DODGE=[-2.304]
(4,1,0):RECHARGE=[-2.186]
(4,1,1):SHOOT=[4.473]
(4,1,2):SHOOT=[4.477]
(4,2,0):RECHARGE=[-2.181]
(4,2,1):SHOOT=[4.531]
(4,2,2):SHOOT=[5.197]
(4,3,0):RECHARGE=[-2.181]
(4,3,1):SHOOT=[4.532]
(4,3,2):SHOOT=[5.203]
iteration=10
(0,0,0):-1
(0,0,1):-1
(0,0,2):-1
(0,1,0):-1
(0,1,1):-1
(0,1,2):-1
(0,2,0):-1
(0,2,1):-1
(0,2,2):-1
(0,3,0):-1
(0,3,1):-1
(0,3,2):-1
(1,0,0):RECHARGE=[-2.774]
(1,0,1):DODGE=[-2.729]
(1,0,2):DODGE=[-2.294]
(1,1,0):RECHARGE=[-2.175]
(1,1,1):SHOOT=[4.611]
(1,1,2):SHOOT=[4.614]
(1,2,0):RECHARGE=[-2.172]
(1,2,1):SHOOT=[4.641]
(1,2,2):SHOOT=[4.981]
(1,3,0):RECHARGE=[-2.172]
(1,3,1):SHOOT=[4.641]
(1,3,2):SHOOT=[4.982]
(2,0,0):RECHARGE=[-2.774]
(2,0,1):DODGE=[-2.730]
(2,0,2):DODGE=[-2.304]
(2,1,0):RECHARGE=[-2.186]
(2,1,1):SHOOT=[4.473]
(2,1,2):SHOOT=[4.477]
(2,2,0):RECHARGE=[-2.181]
(2,2,1):SHOOT=[4.532]
(2,2,2):SHOOT=[5.204]
(2,3,0):RECHARGE=[-2.181]
(2,3,1):SHOOT=[4.532]
(2,3,2):SHOOT=[5.209]
(3,0,0):RECHARGE=[-2.774]
(3,0,1):DODGE=[-2.730]
(3,0,2):DODGE=[-2.304]
(3,1,0):RECHARGE=[-2.186]
(3,1,1):SHOOT=[4.473]
(3,1,2):SHOOT=[4.477]
(3,2,0):RECHARGE=[-2.181]
(3,2,1):SHOOT=[4.531]
(3,2,2):SHOOT=[5.197]
(3,3,0):RECHARGE=[-2.181]
(3,3,1):SHOOT=[4.532]
(3,3,2):SHOOT=[5.203]
(4,0,0):RECHARGE=[-2.774]
(4,0,1):DODGE=[-2.730]
(4,0,2):DODGE=[-2.304]
(4,1,0):RECHARGE=[-2.186]
(4,1,1):SHOOT=[4.473]
(4,1,2):SHOOT=[4.477]
(4,2,0):RECHARGE=[-2.181]
(4,2,1):SHOOT=[4.531]
(4,2,2):SHOOT=[5.197]
(4,3,0):RECHARGE=[-2.181]
(4,3,1):SHOOT=[4.532]
(4,3,2):SHOOT=[5.203]
iteration=11
(0,0,0):-1
(0,0,1):-1
(0,0,2):-1
(0,1,0):-1
(0,1,1):-1
(0,1,2):-1
(0,2,0):-1
(0,2,1):-1
(0,2,2):-1
(0,3,0):-1
(0,3,1):-1
(0,3,2):-1
(1,0,0):RECHARGE=[-2.774]
(1,0,1):DODGE=[-2.729]
(1,0,2):DODGE=[-2.294]
(1,1,0):RECHARGE=[-2.175]
(1,1,1):SHOOT=[4.611]
(1,1,2):SHOOT=[4.614]
(1,2,0):RECHARGE=[-2.172]
(1,2,1):SHOOT=[4.641]
(1,2,2):SHOOT=[4.981]
(1,3,0):RECHARGE=[-2.172]
(1,3,1):SHOOT=[4.641]
(1,3,2):SHOOT=[4.982]
(2,0,0):RECHARGE=[-2.774]
(2,0,1):DODGE=[-2.730]
(2,0,2):DODGE=[-2.304]
(2,1,0):RECHARGE=[-2.186]
(2,1,1):SHOOT=[4.473]
(2,1,2):SHOOT=[4.477]
(2,2,0):RECHARGE=[-2.181]
(2,2,1):SHOOT=[4.532]
(2,2,2):SHOOT=[5.204]
(2,3,0):RECHARGE=[-2.181]
(2,3,1):SHOOT=[4.532]
(2,3,2):SHOOT=[5.209]
(3,0,0):RECHARGE=[-2.774]
(3,0,1):DODGE=[-2.730]
(3,0,2):DODGE=[-2.304]
(3,1,0):RECHARGE=[-2.186]
(3,1,1):SHOOT=[4.473]
(3,1,2):SHOOT=[4.477]
(3,2,0):RECHARGE=[-2.181]
(3,2,1):SHOOT=[4.531]
(3,2,2):SHOOT=[5.197]
(3,3,0):RECHARGE=[-2.181]
(3,3,1):SHOOT=[4.532]
(3,3,2):SHOOT=[5.203]
(4,0,0):RECHARGE=[-2.774]
(4,0,1):DODGE=[-2.730]
(4,0,2):DODGE=[-2.304]
(4,1,0):RECHARGE=[-2.186]
(4,1,1):SHOOT=[4.473]
(4,1,2):SHOOT=[4.477]
(4,2,0):RECHARGE=[-2.181]
(4,2,1):SHOOT=[4.531]
(4,2,2):SHOOT=[5.197]
(4,3,0):RECHARGE=[-2.181]
(4,3,1):SHOOT=[4.532]
(4,3,2):SHOOT=[5.203]
