iteration=0
(0,0,0):-1=[0.000]
(0,0,1):-1=[0.000]
(0,0,2):-1=[0.000]
(0,1,0):-1=[0.000]
(0,1,1):-1=[0.000]
(0,1,2):-1=[0.000]
(0,2,0):-1=[0.000]
(0,2,1):-1=[0.000]
(0,2,2):-1=[0.000]
(0,3,0):-1=[0.000]
(0,3,1):-1=[0.000]
(0,3,2):-1=[0.000]
(1,0,0):RECHARGE=[-2.500]
(1,0,1):DODGE=[-2.500]
(1,0,2):DODGE=[-2.500]
(1,1,0):RECHARGE=[-2.500]
(1,1,1):SHOOT=[2.500]
(1,1,2):SHOOT=[2.500]
(1,2,0):RECHARGE=[-2.500]
(1,2,1):SHOOT=[2.500]
(1,2,2):SHOOT=[2.500]
(1,3,0):RECHARGE=[-2.500]
(1,3,1):SHOOT=[2.500]
(1,3,2):SHOOT=[2.500]
(2,0,0):RECHARGE=[-2.500]
(2,0,1):DODGE=[-2.500]
(2,0,2):DODGE=[-2.500]
(2,1,0):RECHARGE=[-2.500]
(2,1,1):SHOOT=[2.500]
(2,1,2):SHOOT=[2.500]
(2,2,0):RECHARGE=[-2.500]
(2,2,1):SHOOT=[2.500]
(2,2,2):SHOOT=[2.500]
(2,3,0):RECHARGE=[-2.500]
(2,3,1):SHOOT=[2.500]
(2,3,2):SHOOT=[2.500]
(3,0,0):RECHARGE=[-2.500]
(3,0,1):DODGE=[-2.500]
(3,0,2):DODGE=[-2.500]
(3,1,0):RECHARGE=[-2.500]
(3,1,1):SHOOT=[2.500]
(3,1,2):SHOOT=[2.500]
(3,2,0):RECHARGE=[-2.500]
(3,2,1):SHOOT=[2.500]
(3,2,2):SHOOT=[2.500]
(3,3,0):RECHARGE=[-2.500]
(3,3,1):SHOOT=[2.500]
(3,3,2):SHOOT=[2.500]
(4,0,0):RECHARGE=[-2.500]
(4,0,1):DODGE=[-2.500]
(4,0,2):DODGE=[-2.500]
(4,1,0):RECHARGE=[-2.500]
(4,1,1):SHOOT=[2.500]
(4,1,2):SHOOT=[2.500]
(4,2,0):RECHARGE=[-2.500]
(4,2,1):SHOOT=[2.500]
(4,2,2):SHOOT=[2.500]
(4,3,0):RECHARGE=[-2.500]
(4,3,1):SHOOT=[2.500]
(4,3,2):SHOOT=[2.500]
iteration=1
(0,0,0):-1=[0.000]
(0,0,1):-1=[0.000]
(0,0,2):-1=[0.000]
(0,1,0):-1=[0.000]
(0,1,1):-1=[0.000]
(0,1,2):-1=[0.000]
(0,2,0):-1=[0.000]
(0,2,1):-1=[0.000]
(0,2,2):-1=[0.000]
(0,3,0):-1=[0.000]
(0,3,1):-1=[0.000]
(0,3,2):-1=[0.000]
(1,0,0):RECHARGE=[-2.750]
(1,0,1):DODGE=[-2.750]
(1,0,2):DODGE=[-2.430]
(1,1,0):RECHARGE=[-2.350]
(1,1,1):SHOOT=[2.375]
(1,1,2):SHOOT=[2.375]
(1,2,0):RECHARGE=[-2.350]
(1,2,1):SHOOT=[2.375]
(1,2,2):SHOOT=[2.625]
(1,3,0):RECHARGE=[-2.350]
(1,3,1):SHOOT=[2.375]
(1,3,2):SHOOT=[2.625]
(2,0,0):RECHARGE=[-2.750]
(2,0,1):DODGE=[-2.750]
(2,0,2):DODGE=[-2.430]
(2,1,0):RECHARGE=[-2.350]
(2,1,1):SHOOT=[2.250]
(2,1,2):SHOOT=[2.250]
(2,2,0):RECHARGE=[-2.350]
(2,2,1):SHOOT=[2.250]
(2,2,2):SHOOT=[2.750]
(2,3,0):RECHARGE=[-2.350]
(2,3,1):SHOOT=[2.250]
(2,3,2):SHOOT=[2.750]
(3,0,0):RECHARGE=[-2.750]
(3,0,1):DODGE=[-2.750]
(3,0,2):DODGE=[-2.430]
(3,1,0):RECHARGE=[-2.350]
(3,1,1):SHOOT=[2.250]
(3,1,2):SHOOT=[2.250]
(3,2,0):RECHARGE=[-2.350]
(3,2,1):SHOOT=[2.250]
(3,2,2):SHOOT=[2.750]
(3,3,0):RECHARGE=[-2.350]
(3,3,1):SHOOT=[2.250]
(3,3,2):SHOOT=[2.750]
(4,0,0):RECHARGE=[-2.750]
(4,0,1):DODGE=[-2.750]
(4,0,2):DODGE=[-2.430]
(4,1,0):RECHARGE=[-2.350]
(4,1,1):SHOOT=[2.250]
(4,1,2):SHOOT=[2.250]
(4,2,0):RECHARGE=[-2.350]
(4,2,1):SHOOT=[2.250]
(4,2,2):SHOOT=[2.750]
(4,3,0):RECHARGE=[-2.350]
(4,3,1):SHOOT=[2.250]
(4,3,2):SHOOT=[2.750]
iteration=2
(0,0,0):-1=[0.000]
(0,0,1):-1=[0.000]
(0,0,2):-1=[0.000]
(0,1,0):-1=[0.000]
(0,1,1):-1=[0.000]
(0,1,2):-1=[0.000]
(0,2,0):-1=[0.000]
(0,2,1):-1=[0.000]
(0,2,2):-1=[0.000]
(0,3,0):-1=[0.000]
(0,3,1):-1=[0.000]
(0,3,2):-1=[0.000]
(1,0,0):RECHARGE=[-2.775]
(1,0,1):DODGE=[-2.743]
(1,0,2):DODGE=[-2.441]
(1,1,0):RECHARGE=[-2.357]
(1,1,1):SHOOT=[2.362]
(1,1,2):SHOOT=[2.362]
(1,2,0):RECHARGE=[-2.357]
(1,2,1):SHOOT=[2.382]
(1,2,2):SHOOT=[2.619]
(1,3,0):RECHARGE=[-2.357]
(1,3,1):SHOOT=[2.382]
(1,3,2):SHOOT=[2.619]
(2,0,0):RECHARGE=[-2.775]
(2,0,1):DODGE=[-2.743]
(2,0,2):DODGE=[-2.449]
(2,1,0):RECHARGE=[-2.367]
(2,1,1):SHOOT=[2.225]
(2,1,2):SHOOT=[2.225]
(2,2,0):RECHARGE=[-2.367]
(2,2,1):SHOOT=[2.265]
(2,2,2):SHOOT=[2.731]
(2,3,0):RECHARGE=[-2.367]
(2,3,1):SHOOT=[2.265]
(2,3,2):SHOOT=[2.731]
(3,0,0):RECHARGE=[-2.775]
(3,0,1):DODGE=[-2.743]
(3,0,2):DODGE=[-2.449]
(3,1,0):RECHARGE=[-2.367]
(3,1,1):SHOOT=[2.225]
(3,1,2):SHOOT=[2.225]
(3,2,0):RECHARGE=[-2.367]
(3,2,1):SHOOT=[2.265]
(3,2,2):SHOOT=[2.725]
(3,3,0):RECHARGE=[-2.367]
(3,3,1):SHOOT=[2.265]
(3,3,2):SHOOT=[2.725]
(4,0,0):RECHARGE=[-2.775]
(4,0,1):DODGE=[-2.743]
(4,0,2):DODGE=[-2.449]
(4,1,0):RECHARGE=[-2.367]
(4,1,1):SHOOT=[2.225]
(4,1,2):SHOOT=[2.225]
(4,2,0):RECHARGE=[-2.367]
(4,2,1):SHOOT=[2.265]
(4,2,2):SHOOT=[2.725]
(4,3,0):RECHARGE=[-2.367]
(4,3,1):SHOOT=[2.265]
(4,3,2):SHOOT=[2.725]
iteration=3
(0,0,0):-1=[0.000]
(0,0,1):-1=[0.000]
(0,0,2):-1=[0.000]
(0,1,0):-1=[0.000]
(0,1,1):-1=[0.000]
(0,1,2):-1=[0.000]
(0,2,0):-1=[0.000]
(0,2,1):-1=[0.000]
(0,2,2):-1=[0.000]
(0,3,0):-1=[0.000]
(0,3,1):-1=[0.000]
(0,3,2):-1=[0.000]
(1,0,0):RECHARGE=[-2.775]
(1,0,1):DODGE=[-2.744]
(1,0,2):DODGE=[-2.442]
(1,1,0):RECHARGE=[-2.358]
(1,1,1):SHOOT=[2.361]
(1,1,2):SHOOT=[2.363]
(1,2,0):RECHARGE=[-2.357]
(1,2,1):SHOOT=[2.382]
(1,2,2):SHOOT=[2.618]
(1,3,0):RECHARGE=[-2.357]
(1,3,1):SHOOT=[2.382]
(1,3,2):SHOOT=[2.619]
(2,0,0):RECHARGE=[-2.775]
(2,0,1):DODGE=[-2.745]
(2,0,2):DODGE=[-2.450]
(2,1,0):RECHARGE=[-2.369]
(2,1,1):SHOOT=[2.223]
(2,1,2):SHOOT=[2.226]
(2,2,0):RECHARGE=[-2.366]
(2,2,1):SHOOT=[2.264]
(2,2,2):SHOOT=[2.729]
(2,3,0):RECHARGE=[-2.366]
(2,3,1):SHOOT=[2.264]
(2,3,2):SHOOT=[2.732]
(3,0,0):RECHARGE=[-2.775]
(3,0,1):DODGE=[-2.745]
(3,0,2):DODGE=[-2.450]
(3,1,0):RECHARGE=[-2.369]
(3,1,1):SHOOT=[2.223]
(3,1,2):SHOOT=[2.226]
(3,2,0):RECHARGE=[-2.366]
(3,2,1):SHOOT=[2.263]
(3,2,2):SHOOT=[2.723]
(3,3,0):RECHARGE=[-2.366]
(3,3,1):SHOOT=[2.263]
(3,3,2):SHOOT=[2.727]
(4,0,0):RECHARGE=[-2.775]
(4,0,1):DODGE=[-2.745]
(4,0,2):DODGE=[-2.450]
(4,1,0):RECHARGE=[-2.369]
(4,1,1):SHOOT=[2.223]
(4,1,2):SHOOT=[2.226]
(4,2,0):RECHARGE=[-2.366]
(4,2,1):SHOOT=[2.263]
(4,2,2):SHOOT=[2.723]
(4,3,0):RECHARGE=[-2.366]
(4,3,1):SHOOT=[2.263]
(4,3,2):SHOOT=[2.727]
iteration=4
(0,0,0):-1=[0.000]
(0,0,1):-1=[0.000]
(0,0,2):-1=[0.000]
(0,1,0):-1=[0.000]
(0,1,1):-1=[0.000]
(0,1,2):-1=[0.000]
(0,2,0):-1=[0.000]
(0,2,1):-1=[0.000]
(0,2,2):-1=[0.000]
(0,3,0):-1=[0.000]
(0,3,1):-1=[0.000]
(0,3,2):-1=[0.000]
(1,0,0):RECHARGE=[-2.775]
(1,0,1):DODGE=[-2.744]
(1,0,2):DODGE=[-2.442]
(1,1,0):RECHARGE=[-2.358]
(1,1,1):SHOOT=[2.361]
(1,1,2):SHOOT=[2.363]
(1,2,0):RECHARGE=[-2.357]
(1,2,1):SHOOT=[2.382]
(1,2,2):SHOOT=[2.618]
(1,3,0):RECHARGE=[-2.357]
(1,3,1):SHOOT=[2.382]
(1,3,2):SHOOT=[2.619]
(2,0,0):RECHARGE=[-2.775]
(2,0,1):DODGE=[-2.745]
(2,0,2):DODGE=[-2.451]
(2,1,0):RECHARGE=[-2.370]
(2,1,1):SHOOT=[2.223]
(2,1,2):SHOOT=[2.226]
(2,2,0):RECHARGE=[-2.366]
(2,2,1):SHOOT=[2.264]
(2,2,2):SHOOT=[2.729]
(2,3,0):RECHARGE=[-2.366]
(2,3,1):SHOOT=[2.264]
(2,3,2):SHOOT=[2.732]
(3,0,0):RECHARGE=[-2.775]
(3,0,1):DODGE=[-2.745]
(3,0,2):DODGE=[-2.451]
(3,1,0):RECHARGE=[-2.370]
(3,1,1):SHOOT=[2.223]
(3,1,2):SHOOT=[2.226]
(3,2,0):RECHARGE=[-2.366]
(3,2,1):SHOOT=[2.263]
(3,2,2):SHOOT=[2.722]
(3,3,0):RECHARGE=[-2.366]
(3,3,1):SHOOT=[2.263]
(3,3,2):SHOOT=[2.726]
(4,0,0):RECHARGE=[-2.775]
(4,0,1):DODGE=[-2.745]
(4,0,2):DODGE=[-2.451]
(4,1,0):RECHARGE=[-2.370]
(4,1,1):SHOOT=[2.223]
(4,1,2):SHOOT=[2.226]
(4,2,0):RECHARGE=[-2.366]
(4,2,1):SHOOT=[2.263]
(4,2,2):SHOOT=[2.722]
(4,3,0):RECHARGE=[-2.366]
(4,3,1):SHOOT=[2.263]
(4,3,2):SHOOT=[2.726]
iteration=5
(0,0,0):-1=[0.000]
(0,0,1):-1=[0.000]
(0,0,2):-1=[0.000]
(0,1,0):-1=[0.000]
(0,1,1):-1=[0.000]
(0,1,2):-1=[0.000]
(0,2,0):-1=[0.000]
(0,2,1):-1=[0.000]
(0,2,2):-1=[0.000]
(0,3,0):-1=[0.000]
(0,3,1):-1=[0.000]
(0,3,2):-1=[0.000]
(1,0,0):RECHARGE=[-2.775]
(1,0,1):DODGE=[-2.744]
(1,0,2):DODGE=[-2.442]
(1,1,0):RECHARGE=[-2.358]
(1,1,1):SHOOT=[2.361]
(1,1,2):SHOOT=[2.363]
(1,2,0):RECHARGE=[-2.357]
(1,2,1):SHOOT=[2.382]
(1,2,2):SHOOT=[2.618]
(1,3,0):RECHARGE=[-2.357]
(1,3,1):SHOOT=[2.382]
(1,3,2):SHOOT=[2.619]
(2,0,0):RECHARGE=[-2.775]
(2,0,1):DODGE=[-2.745]
(2,0,2):DODGE=[-2.451]
(2,1,0):RECHARGE=[-2.370]
(2,1,1):SHOOT=[2.222]
(2,1,2):SHOOT=[2.226]
(2,2,0):RECHARGE=[-2.366]
(2,2,1):SHOOT=[2.264]
(2,2,2):SHOOT=[2.729]
(2,3,0):RECHARGE=[-2.366]
(2,3,1):SHOOT=[2.264]
(2,3,2):SHOOT=[2.732]
(3,0,0):RECHARGE=[-2.775]
(3,0,1):DODGE=[-2.745]
(3,0,2):DODGE=[-2.451]
(3,1,0):RECHARGE=[-2.370]
(3,1,1):SHOOT=[2.222]
(3,1,2):SHOOT=[2.225]
(3,2,0):RECHARGE=[-2.366]
(3,2,1):SHOOT=[2.263]
(3,2,2):SHOOT=[2.722]
(3,3,0):RECHARGE=[-2.366]
(3,3,1):SHOOT=[2.263]
(3,3,2):SHOOT=[2.726]
(4,0,0):RECHARGE=[-2.775]
(4,0,1):DODGE=[-2.745]
(4,0,2):DODGE=[-2.451]
(4,1,0):RECHARGE=[-2.370]
(4,1,1):SHOOT=[2.222]
(4,1,2):SHOOT=[2.225]
(4,2,0):RECHARGE=[-2.366]
(4,2,1):SHOOT=[2.263]
(4,2,2):SHOOT=[2.722]
(4,3,0):RECHARGE=[-2.366]
(4,3,1):SHOOT=[2.263]
(4,3,2):SHOOT=[2.726]
iteration=6
(0,0,0):-1=[0.000]
(0,0,1):-1=[0.000]
(0,0,2):-1=[0.000]
(0,1,0):-1=[0.000]
(0,1,1):-1=[0.000]
(0,1,2):-1=[0.000]
(0,2,0):-1=[0.000]
(0,2,1):-1=[0.000]
(0,2,2):-1=[0.000]
(0,3,0):-1=[0.000]
(0,3,1):-1=[0.000]
(0,3,2):-1=[0.000]
(1,0,0):RECHARGE=[-2.775]
(1,0,1):DODGE=[-2.744]
(1,0,2):DODGE=[-2.442]
(1,1,0):RECHARGE=[-2.358]
(1,1,1):SHOOT=[2.361]
(1,1,2):SHOOT=[2.363]
(1,2,0):RECHARGE=[-2.357]
(1,2,1):SHOOT=[2.382]
(1,2,2):SHOOT=[2.618]
(1,3,0):RECHARGE=[-2.357]
(1,3,1):SHOOT=[2.382]
(1,3,2):SHOOT=[2.619]
(2,0,0):RECHARGE=[-2.775]
(2,0,1):DODGE=[-2.745]
(2,0,2):DODGE=[-2.451]
(2,1,0):RECHARGE=[-2.370]
(2,1,1):SHOOT=[2.222]
(2,1,2):SHOOT=[2.226]
(2,2,0):RECHARGE=[-2.366]
(2,2,1):SHOOT=[2.264]
(2,2,2):SHOOT=[2.729]
(2,3,0):RECHARGE=[-2.366]
(2,3,1):SHOOT=[2.264]
(2,3,2):SHOOT=[2.732]
(3,0,0):RECHARGE=[-2.775]
(3,0,1):DODGE=[-2.745]
(3,0,2):DODGE=[-2.451]
(3,1,0):RECHARGE=[-2.370]
(3,1,1):SHOOT=[2.222]
(3,1,2):SHOOT=[2.225]
(3,2,0):RECHARGE=[-2.366]
(3,2,1):SHOOT=[2.263]
(3,2,2):SHOOT=[2.722]
(3,3,0):RECHARGE=[-2.366]
(3,3,1):SHOOT=[2.263]
(3,3,2):SHOOT=[2.726]
(4,0,0):RECHARGE=[-2.775]
(4,0,1):DODGE=[-2.745]
(4,0,2):DODGE=[-2.451]
(4,1,0):RECHARGE=[-2.370]
(4,1,1):SHOOT=[2.222]
(4,1,2):SHOOT=[2.225]
(4,2,0):RECHARGE=[-2.366]
(4,2,1):SHOOT=[2.263]
(4,2,2):SHOOT=[2.722]
(4,3,0):RECHARGE=[-2.366]
(4,3,1):SHOOT=[2.263]
(4,3,2):SHOOT=[2.726]
iteration=7
(0,0,0):-1=[0.000]
(0,0,1):-1=[0.000]
(0,0,2):-1=[0.000]
(0,1,0):-1=[0.000]
(0,1,1):-1=[0.000]
(0,1,2):-1=[0.000]
(0,2,0):-1=[0.000]
(0,2,1):-1=[0.000]
(0,2,2):-1=[0.000]
(0,3,0):-1=[0.000]
(0,3,1):-1=[0.000]
(0,3,2):-1=[0.000]
(1,0,0):RECHARGE=[-2.775]
(1,0,1):DODGE=[-2.744]
(1,0,2):DODGE=[-2.442]
(1,1,0):RECHARGE=[-2.358]
(1,1,1):SHOOT=[2.361]
(1,1,2):SHOOT=[2.363]
(1,2,0):RECHARGE=[-2.357]
(1,2,1):SHOOT=[2.382]
(1,2,2):SHOOT=[2.618]
(1,3,0):RECHARGE=[-2.357]
(1,3,1):SHOOT=[2.382]
(1,3,2):SHOOT=[2.619]
(2,0,0):RECHARGE=[-2.775]
(2,0,1):DODGE=[-2.745]
(2,0,2):DODGE=[-2.451]
(2,1,0):RECHARGE=[-2.370]
(2,1,1):SHOOT=[2.222]
(2,1,2):SHOOT=[2.226]
(2,2,0):RECHARGE=[-2.366]
(2,2,1):SHOOT=[2.264]
(2,2,2):SHOOT=[2.729]
(2,3,0):RECHARGE=[-2.366]
(2,3,1):SHOOT=[2.264]
(2,3,2):SHOOT=[2.732]
(3,0,0):RECHARGE=[-2.775]
(3,0,1):DODGE=[-2.745]
(3,0,2):DODGE=[-2.451]
(3,1,0):RECHARGE=[-2.370]
(3,1,1):SHOOT=[2.222]
(3,1,2):SHOOT=[2.225]
(3,2,0):RECHARGE=[-2.366]
(3,2,1):SHOOT=[2.263]
(3,2,2):SHOOT=[2.722]
(3,3,0):RECHARGE=[-2.366]
(3,3,1):SHOOT=[2.263]
(3,3,2):SHOOT=[2.726]
(4,0,0):RECHARGE=[-2.775]
(4,0,1):DODGE=[-2.745]
(4,0,2):DODGE=[-2.451]
(4,1,0):RECHARGE=[-2.370]
(4,1,1):SHOOT=[2.222]
(4,1,2):SHOOT=[2.225]
(4,2,0):RECHARGE=[-2.366]
(4,2,1):SHOOT=[2.263]
(4,2,2):SHOOT=[2.722]
(4,3,0):RECHARGE=[-2.366]
(4,3,1):SHOOT=[2.263]
(4,3,2):SHOOT=[2.726]
iteration=8
(0,0,0):-1=[0.000]
(0,0,1):-1=[0.000]
(0,0,2):-1=[0.000]
(0,1,0):-1=[0.000]
(0,1,1):-1=[0.000]
(0,1,2):-1=[0.000]
(0,2,0):-1=[0.000]
(0,2,1):-1=[0.000]
(0,2,2):-1=[0.000]
(0,3,0):-1=[0.000]
(0,3,1):-1=[0.000]
(0,3,2):-1=[0.000]
(1,0,0):RECHARGE=[-2.775]
(1,0,1):DODGE=[-2.744]
(1,0,2):DODGE=[-2.442]
(1,1,0):RECHARGE=[-2.358]
(1,1,1):SHOOT=[2.361]
(1,1,2):SHOOT=[2.363]
(1,2,0):RECHARGE=[-2.357]
(1,2,1):SHOOT=[2.382]
(1,2,2):SHOOT=[2.618]
(1,3,0):RECHARGE=[-2.357]
(1,3,1):SHOOT=[2.382]
(1,3,2):SHOOT=[2.619]
(2,0,0):RECHARGE=[-2.775]
(2,0,1):DODGE=[-2.745]
(2,0,2):DODGE=[-2.451]
(2,1,0):RECHARGE=[-2.370]
(2,1,1):SHOOT=[2.222]
(2,1,2):SHOOT=[2.226]
(2,2,0):RECHARGE=[-2.366]
(2,2,1):SHOOT=[2.264]
(2,2,2):SHOOT=[2.729]
(2,3,0):RECHARGE=[-2.366]
(2,3,1):SHOOT=[2.264]
(2,3,2):SHOOT=[2.732]
(3,0,0):RECHARGE=[-2.775]
(3,0,1):DODGE=[-2.745]
(3,0,2):DODGE=[-2.451]
(3,1,0):RECHARGE=[-2.370]
(3,1,1):SHOOT=[2.222]
(3,1,2):SHOOT=[2.225]
(3,2,0):RECHARGE=[-2.366]
(3,2,1):SHOOT=[2.263]
(3,2,2):SHOOT=[2.722]
(3,3,0):RECHARGE=[-2.366]
(3,3,1):SHOOT=[2.263]
(3,3,2):SHOOT=[2.726]
(4,0,0):RECHARGE=[-2.775]
(4,0,1):DODGE=[-2.745]
(4,0,2):DODGE=[-2.451]
(4,1,0):RECHARGE=[-2.370]
(4,1,1):SHOOT=[2.222]
(4,1,2):SHOOT=[2.225]
(4,2,0):RECHARGE=[-2.366]
(4,2,1):SHOOT=[2.263]
(4,2,2):SHOOT=[2.722]
(4,3,0):RECHARGE=[-2.366]
(4,3,1):SHOOT=[2.263]
(4,3,2):SHOOT=[2.726]
iteration=9
(0,0,0):-1=[0.000]
(0,0,1):-1=[0.000]
(0,0,2):-1=[0.000]
(0,1,0):-1=[0.000]
(0,1,1):-1=[0.000]
(0,1,2):-1=[0.000]
(0,2,0):-1=[0.000]
(0,2,1):-1=[0.000]
(0,2,2):-1=[0.000]
(0,3,0):-1=[0.000]
(0,3,1):-1=[0.000]
(0,3,2):-1=[0.000]
(1,0,0):RECHARGE=[-2.775]
(1,0,1):DODGE=[-2.744]
(1,0,2):DODGE=[-2.442]
(1,1,0):RECHARGE=[-2.358]
(1,1,1):SHOOT=[2.361]
(1,1,2):SHOOT=[2.363]
(1,2,0):RECHARGE=[-2.357]
(1,2,1):SHOOT=[2.382]
(1,2,2):SHOOT=[2.618]
(1,3,0):RECHARGE=[-2.357]
(1,3,1):SHOOT=[2.382]
(1,3,2):SHOOT=[2.619]
(2,0,0):RECHARGE=[-2.775]
(2,0,1):DODGE=[-2.745]
(2,0,2):DODGE=[-2.451]
(2,1,0):RECHARGE=[-2.370]
(2,1,1):SHOOT=[2.222]
(2,1,2):SHOOT=[2.226]
(2,2,0):RECHARGE=[-2.366]
(2,2,1):SHOOT=[2.264]
(2,2,2):SHOOT=[2.729]
(2,3,0):RECHARGE=[-2.366]
(2,3,1):SHOOT=[2.264]
(2,3,2):SHOOT=[2.732]
(3,0,0):RECHARGE=[-2.775]
(3,0,1):DODGE=[-2.745]
(3,0,2):DODGE=[-2.451]
(3,1,0):RECHARGE=[-2.370]
(3,1,1):SHOOT=[2.222]
(3,1,2):SHOOT=[2.225]
(3,2,0):RECHARGE=[-2.366]
(3,2,1):SHOOT=[2.263]
(3,2,2):SHOOT=[2.722]
(3,3,0):RECHARGE=[-2.366]
(3,3,1):SHOOT=[2.263]
(3,3,2):SHOOT=[2.726]
(4,0,0):RECHARGE=[-2.775]
(4,0,1):DODGE=[-2.745]
(4,0,2):DODGE=[-2.451]
(4,1,0):RECHARGE=[-2.370]
(4,1,1):SHOOT=[2.222]
(4,1,2):SHOOT=[2.225]
(4,2,0):RECHARGE=[-2.366]
(4,2,1):SHOOT=[2.263]
(4,2,2):SHOOT=[2.722]
(4,3,0):RECHARGE=[-2.366]
(4,3,1):SHOOT=[2.263]
(4,3,2):SHOOT=[2.726]
iteration=10
(0,0,0):-1=[0.000]
(0,0,1):-1=[0.000]
(0,0,2):-1=[0.000]
(0,1,0):-1=[0.000]
(0,1,1):-1=[0.000]
(0,1,2):-1=[0.000]
(0,2,0):-1=[0.000]
(0,2,1):-1=[0.000]
(0,2,2):-1=[0.000]
(0,3,0):-1=[0.000]
(0,3,1):-1=[0.000]
(0,3,2):-1=[0.000]
(1,0,0):RECHARGE=[-2.775]
(1,0,1):DODGE=[-2.744]
(1,0,2):DODGE=[-2.442]
(1,1,0):RECHARGE=[-2.358]
(1,1,1):SHOOT=[2.361]
(1,1,2):SHOOT=[2.363]
(1,2,0):RECHARGE=[-2.357]
(1,2,1):SHOOT=[2.382]
(1,2,2):SHOOT=[2.618]
(1,3,0):RECHARGE=[-2.357]
(1,3,1):SHOOT=[2.382]
(1,3,2):SHOOT=[2.619]
(2,0,0):RECHARGE=[-2.775]
(2,0,1):DODGE=[-2.745]
(2,0,2):DODGE=[-2.451]
(2,1,0):RECHARGE=[-2.370]
(2,1,1):SHOOT=[2.222]
(2,1,2):SHOOT=[2.226]
(2,2,0):RECHARGE=[-2.366]
(2,2,1):SHOOT=[2.264]
(2,2,2):SHOOT=[2.729]
(2,3,0):RECHARGE=[-2.366]
(2,3,1):SHOOT=[2.264]
(2,3,2):SHOOT=[2.732]
(3,0,0):RECHARGE=[-2.775]
(3,0,1):DODGE=[-2.745]
(3,0,2):DODGE=[-2.451]
(3,1,0):RECHARGE=[-2.370]
(3,1,1):SHOOT=[2.222]
(3,1,2):SHOOT=[2.225]
(3,2,0):RECHARGE=[-2.366]
(3,2,1):SHOOT=[2.263]
(3,2,2):SHOOT=[2.722]
(3,3,0):RECHARGE=[-2.366]
(3,3,1):SHOOT=[2.263]
(3,3,2):SHOOT=[2.726]
(4,0,0):RECHARGE=[-2.775]
(4,0,1):DODGE=[-2.745]
(4,0,2):DODGE=[-2.451]
(4,1,0):RECHARGE=[-2.370]
(4,1,1):SHOOT=[2.222]
(4,1,2):SHOOT=[2.225]
(4,2,0):RECHARGE=[-2.366]
(4,2,1):SHOOT=[2.263]
(4,2,2):SHOOT=[2.722]
(4,3,0):RECHARGE=[-2.366]
(4,3,1):SHOOT=[2.263]
(4,3,2):SHOOT=[2.726]
iteration=11
(0,0,0):-1=[0.000]
(0,0,1):-1=[0.000]
(0,0,2):-1=[0.000]
(0,1,0):-1=[0.000]
(0,1,1):-1=[0.000]
(0,1,2):-1=[0.000]
(0,2,0):-1=[0.000]
(0,2,1):-1=[0.000]
(0,2,2):-1=[0.000]
(0,3,0):-1=[0.000]
(0,3,1):-1=[0.000]
(0,3,2):-1=[0.000]
(1,0,0):RECHARGE=[-2.775]
(1,0,1):DODGE=[-2.744]
(1,0,2):DODGE=[-2.442]
(1,1,0):RECHARGE=[-2.358]
(1,1,1):SHOOT=[2.361]
(1,1,2):SHOOT=[2.363]
(1,2,0):RECHARGE=[-2.357]
(1,2,1):SHOOT=[2.382]
(1,2,2):SHOOT=[2.618]
(1,3,0):RECHARGE=[-2.357]
(1,3,1):SHOOT=[2.382]
(1,3,2):SHOOT=[2.619]
(2,0,0):RECHARGE=[-2.775]
(2,0,1):DODGE=[-2.745]
(2,0,2):DODGE=[-2.451]
(2,1,0):RECHARGE=[-2.370]
(2,1,1):SHOOT=[2.222]
(2,1,2):SHOOT=[2.226]
(2,2,0):RECHARGE=[-2.366]
(2,2,1):SHOOT=[2.264]
(2,2,2):SHOOT=[2.729]
(2,3,0):RECHARGE=[-2.366]
(2,3,1):SHOOT=[2.264]
(2,3,2):SHOOT=[2.732]
(3,0,0):RECHARGE=[-2.775]
(3,0,1):DODGE=[-2.745]
(3,0,2):DODGE=[-2.451]
(3,1,0):RECHARGE=[-2.370]
(3,1,1):SHOOT=[2.222]
(3,1,2):SHOOT=[2.225]
(3,2,0):RECHARGE=[-2.366]
(3,2,1):SHOOT=[2.263]
(3,2,2):SHOOT=[2.722]
(3,3,0):RECHARGE=[-2.366]
(3,3,1):SHOOT=[2.263]
(3,3,2):SHOOT=[2.726]
(4,0,0):RECHARGE=[-2.775]
(4,0,1):DODGE=[-2.745]
(4,0,2):DODGE=[-2.451]
(4,1,0):RECHARGE=[-2.370]
(4,1,1):SHOOT=[2.222]
(4,1,2):SHOOT=[2.225]
(4,2,0):RECHARGE=[-2.366]
(4,2,1):SHOOT=[2.263]
(4,2,2):SHOOT=[2.722]
(4,3,0):RECHARGE=[-2.366]
(4,3,1):SHOOT=[2.263]
(4,3,2):SHOOT=[2.726]
