
State :  [0. 0. 0. 0. 0. 0. 0. 0. 0. 0. 0.]
Error :  [9642655.274779074, 11209371.373786092]

State :  [1. 0. 0. 0. 0. 0. 0. 0. 0. 0. 0.]
Error :  [9642778.503911467, 11208020.906647447]

State :  [1. 1. 0. 0. 0. 0. 0. 0. 0. 0. 0.]
Error :  [9468251.604944032, 10994246.984492322]

State :  [1. 1. 1. 0. 0. 0. 0. 0. 0. 0. 0.]
Error :  [10995609.997026382, 10154293.401113044]

State :  [1. 1. 1. 1. 0. 0. 0. 0. 0. 0. 0.]
Error :  [2693608756.6091332, 3727345421.798504]

State :  [1. 1. 1. 1. 1. 0. 0. 0. 0. 0. 0.]
Error :  [6108389619244.682, 8433438624093.818]

State :  [1. 1. 1. 1. 1. 1. 0. 0. 0. 0. 0.]
Error :  [1.268382758196614e+16, 1.752523710144825e+16]

State :  [1. 1. 1. 1. 1. 1. 1. 0. 0. 0. 0.]
Error :  [2.6765817989234864e+19, 3.68518081768642e+19]

State :  [1. 1. 1. 1. 1. 1. 1. 1. 0. 0. 0.]
Error :  [5.707418998953679e+22, 7.826342758867884e+22]

State :  [1. 1. 1. 1. 1. 1. 1. 1. 1. 0. 0.]
Error :  [1.225698527621025e+26, 1.6762563623995815e+26]

State :  [1. 1. 1. 1. 1. 1. 1. 1. 1. 1. 0.]
Error :  [2.6455425194503877e+29, 3.616581675691843e+29]

State :  [1. 1. 1. 1. 1. 1. 1. 1. 1. 1. 1.]
Error :  [5.731482441996725e+32, 7.852421406742192e+32]

State :  [0. 0. 0. 0. 0. 0. 0. 0. 0. 0. 0.]
Error :  [9642655.274779074, 11209371.373786092]

State :  [1. 0. 0. 0. 0. 0. 0. 0. 0. 0. 0.]
Error :  [9642778.503911467, 11208020.906647447]

State :  [0. 1. 0. 0. 0. 0. 0. 0. 0. 0. 0.]
Error :  [9468131.639811639, 10995584.883630967]

State :  [0. 0. 1. 0. 0. 0. 0. 0. 0. 0. 0.]
Error :  [11171973.122618074, 10328656.088674512]

State :  [0. 0. 0. 1. 0. 0. 0. 0. 0. 0. 0.]
Error :  [2687782605.7240305, 3649900799.256265]

State :  [0. 0. 0. 0. 1. 0. 0. 0. 0. 0. 0.]
Error :  [6081729318549.968, 8289528685447.844]

State :  [0. 0. 0. 0. 0. 1. 0. 0. 0. 0. 0.]
Error :  [1.26032165131972e+16, 1.727405736754246e+16]

State :  [0. 0. 0. 0. 0. 0. 1. 0. 0. 0. 0.]
Error :  [2.6555255460816327e+19, 3.6425911012156596e+19]

State :  [0. 0. 0. 0. 0. 0. 0. 1. 0. 0. 0.]
Error :  [5.655698421362321e+22, 7.756828535773828e+22]

State :  [0. 0. 0. 0. 0. 0. 0. 0. 1. 0. 0.]
Error :  [1.2133959639165174e+26, 1.6656332512905692e+26]

State :  [0. 0. 0. 0. 0. 0. 0. 0. 0. 1. 0.]
Error :  [2.616796099700641e+29, 3.6023642971439054e+29]

State :  [0. 0. 0. 0. 0. 0. 0. 0. 0. 0. 1.]
Error :  [5.664992909076455e+32, 7.839362438272025e+32]

State :  [0. 0. 0. 0. 0. 0. 0. 0. 0. 0. 0.]
Error :  [9642655.274779074, 11209371.373786092]

State :  [1. 0. 0. 0. 0. 0. 0. 0. 0. 0. 0.]
Error :  [9642778.503911467, 11208020.906647447]

State :  [0.  0.1 0.  0.  0.  0.  0.  0.  0.  0.  0. ]
Error :  [9625121.394978428, 11187884.43483558]

State :  [0.   0.   0.01 0.   0.   0.   0.   0.   0.   0.   0.  ]
Error :  [9642435.147624135, 11180050.767978014]

State :  [0.    0.    0.    0.001 0.    0.    0.    0.    0.    0.    0.   ]
Error :  [9308374.074560327, 10793069.028561147]

State :  [0.     0.     0.     0.     0.0001 0.     0.     0.     0.     0.
 0.    ]
Error :  [9623238.788992984, 10766030.833379654]

State :  [0.e+00 0.e+00 0.e+00 0.e+00 0.e+00 1.e-05 0.e+00 0.e+00 0.e+00 0.e+00
 0.e+00]
Error :  [4074821.815101252, 4254712.943645894]

State :  [0.e+00 0.e+00 0.e+00 0.e+00 0.e+00 0.e+00 1.e-06 0.e+00 0.e+00 0.e+00
 0.e+00]
Error :  [33208497.03112768, 38938744.694486104]

State :  [0.e+00 0.e+00 0.e+00 0.e+00 0.e+00 0.e+00 0.e+00 1.e-07 0.e+00 0.e+00
 0.e+00]
Error :  [433249828.9170802, 603941464.5867097]

State :  [0.e+00 0.e+00 0.e+00 0.e+00 0.e+00 0.e+00 0.e+00 0.e+00 1.e-08 0.e+00
 0.e+00]
Error :  [12058052471.098347, 16534165263.23724]

State :  [0.e+00 0.e+00 0.e+00 0.e+00 0.e+00 0.e+00 0.e+00 0.e+00 0.e+00 1.e-09
 0.e+00]
Error :  [258690552594.21997, 356349069060.6866]

State :  [0.e+00 0.e+00 0.e+00 0.e+00 0.e+00 0.e+00 0.e+00 0.e+00 0.e+00 0.e+00
 1.e-10]
Error :  [5662795209079.469, 7837581137225.753]

State :  [1.e+00 1.e-01 1.e-02 1.e-03 1.e-04 1.e-05 1.e-06 1.e-07 1.e-08 1.e-09
 1.e-10]
Error :  [7148835495913.928, 9046506041498.512]

State :  [1.e+00 1.e-02 1.e-04 1.e-06 1.e-08 1.e-10 1.e-12 1.e-14 1.e-16 1.e-18
 1.e-20]
Error :  [9640585.917946722, 11204984.250501784]

State :  [1.e+00 1.e-02 1.e-04 1.e-06 1.e-08 1.e-10 1.e-12 1.e-14 1.e-16 1.e-18
 1.e-20]
Error :  [9640585.917946722, 11204984.250501784]

State :  [1.e+00 1.e-03 1.e-06 1.e-09 1.e-12 1.e-15 1.e-18 1.e-21 1.e-24 1.e-27
 1.e-30]
Error :  [9642602.697524298, 11207802.553916499]

State :  [0.  0.  0.1 0.  0.  0.  0.  0.  0.  0.  0. ]
Error :  [9654557.008350898, 10934813.909302548]

State :  [0.   0.   0.01 0.   0.   0.   0.   0.   0.   0.   0.  ]
Error :  [9642435.147624135, 11180050.767978014]

State :  [0.     0.     0.     0.0025 0.     0.     0.     0.     0.     0.
 0.    ]
Error :  [8818260.161434416, 10183836.958820973]

State :  [0.     0.     0.     0.0025 0.     0.     0.     0.     0.     0.
 0.    ]
Error :  [8818260.161434416, 10183836.958820973]

State :  [0.     0.     0.     0.     0.0001 0.     0.     0.     0.     0.
 0.    ]
Error :  [9623238.788992984, 10766030.833379654]

State :  [0.     0.     0.     0.     0.     0.0001 0.     0.     0.     0.
 0.    ]
Error :  [67399414.61104481, 97137117.2152705]

State :  [0.e+00 0.e+00 0.e+00 0.e+00 0.e+00 1.e-05 0.e+00 0.e+00 0.e+00 0.e+00
 0.e+00]
Error :  [4074821.815101252, 4254712.943645894]

State :  [0.e+00 0.e+00 0.e+00 0.e+00 0.e+00 0.e+00 1.e-07 0.e+00 0.e+00 0.e+00
 0.e+00]
Error :  [9609266.18989383, 10703975.932073833]

State :  [0.e+00 0.e+00 0.e+00 0.e+00 0.e+00 0.e+00 1.e-06 0.e+00 0.e+00 0.e+00
 0.e+00]
Error :  [33208497.03112768, 38938744.694486104]

State :  [0.e+00 0.e+00 0.e+00 0.e+00 0.e+00 0.e+00 1.e-05 0.e+00 0.e+00 0.e+00
 0.e+00]
Error :  [2635274333.35837, 3566835878.363047]

State :  [0.0000e+00 0.0000e+00 0.0000e+00 0.0000e+00 0.0000e+00 0.0000e+00
 1.5625e-08 0.0000e+00 0.0000e+00 0.0000e+00 0.0000e+00]
Error :  [9602428.856332354, 11082380.8832776]

State :  [0.0000e+00 0.0000e+00 0.0000e+00 0.0000e+00 0.0000e+00 0.0000e+00
 1.5625e-08 0.0000e+00 0.0000e+00 0.0000e+00 0.0000e+00]
Error :  [9602428.856332354, 11082380.8832776]

State :  [0.  0.  0.  0.1 0.  0.  0.  0.  0.  0.  0. ]
Error :  [6067357.466731457, 9763759.828031613]

State :  [0.  0.  0.  0.  0.1 0.  0.  0.  0.  0.  0. ]
Error :  [60754621878.177574, 82432724622.53706]

State :  [0.   0.   0.   0.   0.01 0.   0.   0.   0.   0.   0.  ]
Error :  [609870693.8993933, 788058572.9252746]

State :  [0.    0.    0.    0.    0.001 0.    0.    0.    0.    0.    0.   ]
Error :  [14922760.300583843, 14241268.293286571]

State :  [0.     0.     0.     0.     0.     0.0001 0.     0.     0.     0.
 0.    ]
Error :  [67399414.61104481, 97137117.2152705]

State :  [0.     0.     0.     0.     0.     0.     0.0001 0.     0.     0.
 0.    ]
Error :  [265263285488.1211, 363400751819.4924]

State :  [0.e+00 0.e+00 0.e+00 0.e+00 0.e+00 0.e+00 1.e-06 0.e+00 0.e+00 0.e+00
 0.e+00]
Error :  [33208497.03112768, 38938744.694486104]

State :  [0.e+00 0.e+00 0.e+00 0.e+00 0.e+00 0.e+00 1.e-07 0.e+00 0.e+00 0.e+00
 0.e+00]
Error :  [9609266.18989383, 10703975.932073833]

State :  [0.0000e+00 0.0000e+00 0.0000e+00 0.0000e+00 0.0000e+00 0.0000e+00
 1.5625e-08 0.0000e+00 0.0000e+00 0.0000e+00 0.0000e+00]
Error :  [9602428.856332354, 11082380.8832776]

State :  [0.e+00 0.e+00 0.e+00 0.e+00 0.e+00 0.e+00 1.e-06 0.e+00 0.e+00 0.e+00
 0.e+00]
Error :  [33208497.03112768, 38938744.694486104]

State :  [0.e+00 0.e+00 0.e+00 0.e+00 0.e+00 0.e+00 0.e+00 1.e-07 0.e+00 0.e+00
 0.e+00]
Error :  [433249828.9170802, 603941464.5867097]

State :  [0.e+00 0.e+00 0.e+00 0.e+00 0.e+00 0.e+00 0.e+00 1.e-08 0.e+00 0.e+00
 0.e+00]
Error :  [1102085.5690841686, 671122.22655701]

State :  [0.e+00 0.e+00 0.e+00 0.e+00 0.e+00 0.e+00 0.e+00 0.e+00 1.e-08 0.e+00
 0.e+00]
Error :  [12058052471.098347, 16534165263.23724]

State :  [0.e+00 0.e+00 0.e+00 0.e+00 0.e+00 0.e+00 0.e+00 0.e+00 1.e-09 0.e+00
 0.e+00]
Error :  [122427269.25527576, 164435034.27858084]

State :  [0.e+00 0.e+00 0.e+00 0.e+00 0.e+00 0.e+00 0.e+00 0.e+00 1.e-10 0.e+00
 0.e+00]
Error :  [10000552.996810135, 11541238.401450057]

State :  [0.e+00 0.e+00 0.e+00 0.e+00 0.e+00 0.e+00 0.e+00 0.e+00 1.e-11 0.e+00
 0.e+00]
Error :  [9569239.410221994, 11092651.083924333]

State :  [0.e+00 0.e+00 0.e+00 0.e+00 0.e+00 0.e+00 0.e+00 0.e+00 0.e+00 1.e-11
 0.e+00]
Error :  [5823615.9309088085, 8247314.05585102]

State :  [0.e+00 0.e+00 0.e+00 0.e+00 0.e+00 0.e+00 0.e+00 0.e+00 0.e+00 0.e+00
 1.e-11]
Error :  [56438837480.793274, 78225582712.31313]

State :  [0.e+00 0.e+00 0.e+00 0.e+00 0.e+00 0.e+00 0.e+00 0.e+00 0.e+00 0.e+00
 1.e-12]
Error :  [554068519.6576198, 777220511.0227368]

State :  [0.e+00 0.e+00 0.e+00 0.e+00 0.e+00 0.e+00 0.e+00 0.e+00 0.e+00 0.e+00
 1.e-13]
Error :  [13100305.531373067, 17256223.394231312]

State :  [0.e+00 0.e+00 0.e+00 0.e+00 0.e+00 0.e+00 0.e+00 0.e+00 0.e+00 0.e+00
 1.e-14]
Error :  [9478570.938621571, 11108513.956386115]
