Generation :  1

Current Vectors : 
Vector  : [0.6175624024042085, 0.8891849975139672, -0.0641364319675202, 0.010623668064864379, -7.78717855350025e-05, 6.75699424220861e-06, -8.957430163557144e-08, -6.909076681616187e-10, 1.1545305028226392e-10, 3.3593537781414837e-12, -4.7896752468793474e-14]
Vector  : [0.6333311336252935, 0.8727909758266297, -0.061348209209264745, 0.01024409121213236, -7.78717855350025e-05, 6.770719128036564e-06, -8.957430163557144e-08, -6.999873107539435e-10, 1.1545305028226392e-10, 3.5126293906255312e-12, -4.7229003832198425e-14]
Vector  : [0.6333311336252935, 0.8727909758266297, -0.0641364319675202, 0.01024409121213236, -7.78717855350025e-05, 6.770719128036564e-06, -8.957430163557144e-08, -6.999873107539435e-10, 1.1545305028226392e-10, 3.3593537781414837e-12, -4.7896752468793474e-14]
Vector  : [0.6333311336252935, 0.8727909758266297, -0.06586067843578035, 0.010487135371585016, -7.694105808939193e-05, 6.770719128036564e-06, -9.269775818897743e-08, -6.999873107539435e-10, 1.1589332929263612e-10, 3.2928683428195894e-12, -4.7896752468793474e-14]
Vector  : [0.6333311336252935, 0.8727909758266297, -0.0641364319675202, 0.01024409121213236, -7.78717855350025e-05, 6.770719128036564e-06, -8.957430163557144e-08, -6.999873107539435e-10, 1.1545305028226392e-10, 3.3593537781414837e-12, -4.701178118927799e-14]


Errors : 
 [[[652748.73503454, 926785.0190711915], 1], [[675869.647798882, 903996.9593050189], 4], [[678803.0240918888, 935261.1993743938], 0], [[693237.2859530586, 942658.6518672786], 2], [[706863.9803972549, 954408.4394519128], 3]]

Generation :  2

Current Vectors : 
Vector  : [0.6333311336252935, 0.8505280150547971, -0.061348209209264745, 0.01024409121213236, -7.83610454208546e-05, 6.770719128036564e-06, -8.820179493827037e-08, -6.669381123896532e-10, 1.1545305028226392e-10, 3.5126293906255312e-12, -4.7229003832198425e-14]
Vector  : [0.6390837865236584, 0.8538484728347345, -0.061348209209264745, 0.010623668064864379, -7.538834965802126e-05, 6.465305102932882e-06, -8.957430163557144e-08, -6.999873107539435e-10, 1.1545305028226392e-10, 3.5126293906255312e-12, -4.7229003832198425e-14]
Vector  : [0.6333311336252935, 0.8727909758266297, -0.061348209209264745, 0.01024409121213236, -7.78717855350025e-05, 6.770719128036564e-06, -8.957430163557144e-08, -6.999873107539435e-10, 1.1545305028226392e-10, 3.5126293906255312e-12, -4.7229003832198425e-14]
Vector  : [0.6175624024042085, 0.8727909758266297, -0.06391049673227517, 0.01024409121213236, -7.78717855350025e-05, 6.770719128036564e-06, -8.957430163557144e-08, -6.846903375078454e-10, 1.1545305028226392e-10, 3.3593537781414837e-12, -4.7896752468793474e-14]
Vector  : [0.6333311336252935, 0.8727909758266297, -0.061348209209264745, 0.01024409121213236, -7.78717855350025e-05, 6.770719128036564e-06, -8.957430163557144e-08, -6.999873107539435e-10, 1.1545305028226392e-10, 3.5126293906255312e-12, -4.7229003832198425e-14]


Errors : 
 [[[646846.5061871372, 918345.3308781406], 0], [[651570.0688387174, 911384.6921795042], 1], [[652748.73503454, 926785.0190711915], 2], [[652748.73503454, 926785.0190711915], 4], [[691410.118209659, 942199.9081262813], 3]]

Generation :  3

Current Vectors : 
Vector  : [0.6333311336252935, 0.8505280150547971, -0.061348209209264745, 0.01024409121213236, -7.83610454208546e-05, 6.770719128036564e-06, -8.513246146102483e-08, -6.669381123896532e-10, 1.1545305028226392e-10, 3.5126293906255312e-12, -4.7229003832198425e-14]
Vector  : [0.6333311336252935, 0.8505280150547971, -0.061348209209264745, 0.01024409121213236, -7.83610454208546e-05, 6.770719128036564e-06, -8.820179493827037e-08, -6.669381123896532e-10, 1.1545305028226392e-10, 3.5126293906255312e-12, -4.857654060096427e-14]
Vector  : [0.6333311336252935, 0.8505280150547971, -0.061348209209264745, 0.01024409121213236, -7.83610454208546e-05, 6.770719128036564e-06, -8.820179493827037e-08, -6.669381123896532e-10, 1.1545305028226392e-10, 3.5126293906255312e-12, -4.7229003832198425e-14]
Vector  : [0.6390837865236584, 0.8727909758266297, -0.061348209209264745, 0.01024409121213236, -7.457846907422372e-05, 6.770719128036564e-06, -8.957430163557144e-08, -7.094089743411817e-10, 1.1545305028226392e-10, 3.5126293906255312e-12, -4.7229003832198425e-14]
Vector  : [0.6333311336252935, 0.8112129770150216, -0.061348209209264745, 0.01024409121213236, -7.83610454208546e-05, 6.770719128036564e-06, -8.820179493827037e-08, -6.669381123896532e-10, 1.1545305028226392e-10, 3.5126293906255312e-12, -4.7229003832198425e-14]


Errors : 
 [[[636227.4795207509, 890486.6866068279], 0], [[646846.5061871372, 918345.3308781406], 2], [[647749.5431416684, 918999.3715882364], 4], [[648323.1239432972, 912162.3566947754], 3], [[672086.4591640534, 977299.4012092131], 1]]

Generation :  4

Current Vectors : 
Vector  : [0.6548524734330794, 0.827626118287183, -0.06419224412706613, 0.01024409121213236, -7.83610454208546e-05, 6.770719128036564e-06, -8.820179493827037e-08, -6.669381123896532e-10, 1.1545305028226392e-10, 3.5126293906255312e-12, -4.7229003832198425e-14]
Vector  : [0.6333311336252935, 0.8112129770150216, -0.061348209209264745, 0.01024409121213236, -8.05705251423169e-05, 6.770719128036564e-06, -8.513246146102483e-08, -6.341330406949887e-10, 1.1702726117479781e-10, 3.5126293906255312e-12, -4.7229003832198425e-14]
Vector  : [0.6333311336252935, 0.8505280150547971, -0.061348209209264745, 0.01024409121213236, -7.83610454208546e-05, 6.770719128036564e-06, -8.513246146102483e-08, -6.669381123896532e-10, 1.1545305028226392e-10, 3.5126293906255312e-12, -4.7229003832198425e-14]
Vector  : [0.6049346185706226, 0.8112129770150216, -0.061348209209264745, 0.010558038441008855, -7.83610454208546e-05, 6.770719128036564e-06, -8.820179493827037e-08, -6.587924669196964e-10, 1.182493904604383e-10, 3.5126293906255312e-12, -4.7229003832198425e-14]
Vector  : [0.6333311336252935, 0.8505280150547971, -0.061348209209264745, 0.01024409121213236, -7.83610454208546e-05, 6.770719128036564e-06, -8.513246146102483e-08, -6.669381123896532e-10, 1.1545305028226392e-10, 3.5126293906255312e-12, -4.7229003832198425e-14]


Errors : 
 [[[617224.8492514637, 863866.7132036567], 3], [[626309.4194908087, 872156.2346653093], 1], [[636227.4795207509, 890486.6866068279], 2], [[636227.4795207509, 890486.6866068279], 4], [[649298.058997148, 924156.2661854994], 0]]

Generation :  5

Current Vectors : 
Vector  : [0.6333311336252935, 0.7921856487271738, -0.061348209209264745, 0.010558038441008855, -7.83610454208546e-05, 6.770719128036564e-06, -8.820179493827037e-08, -6.587924669196964e-10, 1.182493904604383e-10, 3.5126293906255312e-12, -4.7229003832198425e-14]
Vector  : [0.6049346185706226, 0.8505280150547971, -0.06118287795081928, 0.010558038441008855, -7.859700472969073e-05, 6.770719128036564e-06, -8.513246146102483e-08, -6.587924669196964e-10, 1.182493904604383e-10, 3.5126293906255312e-12, -4.7349809230477595e-14]
Vector  : [0.6049346185706226, 0.8112129770150216, -0.061348209209264745, 0.010558038441008855, -7.83610454208546e-05, 6.770719128036564e-06, -8.820179493827037e-08, -6.587924669196964e-10, 1.182493904604383e-10, 3.5126293906255312e-12, -4.7229003832198425e-14]
Vector  : [0.6333311336252935, 0.8187541695800675, -0.061348209209264745, 0.009762147354391048, -8.05705251423169e-05, 6.770719128036564e-06, -8.513246146102483e-08, -6.341330406949887e-10, 1.1702726117479781e-10, 3.5126293906255312e-12, -4.7229003832198425e-14]
Vector  : [0.6049346185706226, 0.8112129770150216, -0.061348209209264745, 0.010558038441008855, -7.83610454208546e-05, 6.770719128036564e-06, -8.820179493827037e-08, -6.587924669196964e-10, 1.182493904604383e-10, 3.5126293906255312e-12, -4.7229003832198425e-14]


Errors : 
 [[[608901.2861114651, 842418.014712849], 1], [[617224.8492514637, 863866.7132036567], 2], [[617224.8492514637, 863866.7132036567], 4], [[617629.221406007, 864128.6669933352], 0], [[639994.3602136433, 875783.4260399193], 3]]

Generation :  6

Current Vectors : 
Vector  : [0.5779711700001225, 0.8195125497755201, -0.06118287795081928, 0.010558038441008855, -7.859700472969073e-05, 6.770719128036564e-06, -8.820179493827037e-08, -6.587924669196964e-10, 1.2151789665939564e-10, 3.5126293906255312e-12, -4.7229003832198425e-14]
Vector  : [0.6049346185706226, 0.8505280150547971, -0.06118287795081928, 0.010558038441008855, -7.859700472969073e-05, 6.5867418268171664e-06, -8.520282784649574e-08, -6.587924669196964e-10, 1.182493904604383e-10, 3.5126293906255312e-12, -4.8986903181955555e-14]
Vector  : [0.6049346185706226, 0.8505280150547971, -0.06118287795081928, 0.010558038441008855, -7.859700472969073e-05, 6.770719128036564e-06, -8.513246146102483e-08, -6.587924669196964e-10, 1.182493904604383e-10, 3.5126293906255312e-12, -4.7349809230477595e-14]
Vector  : [0.6049346185706226, 0.8112129770150216, -0.061348209209264745, 0.010558038441008855, -7.83610454208546e-05, 6.843774705898824e-06, -8.820179493827037e-08, -6.587924669196964e-10, 1.182493904604383e-10, 3.5126293906255312e-12, -4.714069283420318e-14]
Vector  : [0.6049346185706226, 0.8505280150547971, -0.06118287795081928, 0.010558038441008855, -7.859700472969073e-05, 6.770719128036564e-06, -8.513246146102483e-08, -6.587924669196964e-10, 1.182493904604383e-10, 3.5126293906255312e-12, -4.911624167314324e-14]


Errors : 
 [[[594658.8606006613, 805041.7347813533], 0], [[608901.2861114651, 842418.014712849], 2], [[613226.5695676858, 861543.5421209431], 3], [[638501.7795384642, 914955.7123493112], 4], [[643721.1176026633, 907812.6412426637], 1]]

Generation :  7

Current Vectors : 
Vector  : [0.5779711700001225, 0.8195125497755201, -0.06334569882172916, 0.010357114231829534, -7.642815438106886e-05, 6.548844740067152e-06, -8.820179493827037e-08, -6.587924669196964e-10, 1.155667988955205e-10, 3.5126293906255312e-12, -4.7229003832198425e-14]
Vector  : [0.5822147726149086, 0.8195125497755201, -0.06038606219137464, 0.010243860994695342, -7.859700472969073e-05, 6.770719128036564e-06, -8.820179493827037e-08, -6.587924669196964e-10, 1.1823892794872349e-10, 3.677909610987421e-12, -4.6263637706254905e-14]
Vector  : [0.5779711700001225, 0.8195125497755201, -0.06118287795081928, 0.010558038441008855, -7.859700472969073e-05, 6.770719128036564e-06, -8.820179493827037e-08, -6.587924669196964e-10, 1.2151789665939564e-10, 3.5126293906255312e-12, -4.7229003832198425e-14]
Vector  : [0.5846451935985276, 0.8112129770150216, -0.06118287795081928, 0.010558038441008855, -7.859700472969073e-05, 6.770719128036564e-06, -8.513246146102483e-08, -6.416323889074537e-10, 1.182493904604383e-10, 3.4112997762735864e-12, -4.714069283420318e-14]
Vector  : [0.5779711700001225, 0.8195125497755201, -0.06118287795081928, 0.010558038441008855, -7.859700472969073e-05, 6.770719128036564e-06, -8.820179493827037e-08, -6.587924669196964e-10, 1.2151789665939564e-10, 3.5126293906255312e-12, -4.7229003832198425e-14]


Errors : 
 [[[594658.8606006613, 805041.7347813533], 2], [[594658.8606006613, 805041.7347813533], 4], [[600197.0272522301, 868356.0363866774], 1], [[616747.3995333598, 816861.8199206335], 3], [[650760.4690058974, 910278.4300703617], 0]]

Generation :  8

Current Vectors : 
Vector  : [0.6031390509850716, 0.8195125497755201, -0.06118287795081928, 0.010558038441008855, -7.859700472969073e-05, 6.878030480533649e-06, -8.820179493827037e-08, -6.724159799507426e-10, 1.2151789665939564e-10, 3.6045044523900596e-12, -4.7229003832198425e-14]
Vector  : [0.5779711700001225, 0.8195125497755201, -0.06270436119221616, 0.010558038441008855, -7.859700472969073e-05, 6.770719128036564e-06, -9.013702985743463e-08, -6.68296613167451e-10, 1.1823892794872349e-10, 3.5126293906255312e-12, -4.6263637706254905e-14]
Vector  : [0.5779711700001225, 0.8195125497755201, -0.06118287795081928, 0.010558038441008855, -7.859700472969073e-05, 6.770719128036564e-06, -8.820179493827037e-08, -6.587924669196964e-10, 1.2151789665939564e-10, 3.5126293906255312e-12, -4.7229003832198425e-14]
Vector  : [0.5822147726149086, 0.8195125497755201, -0.06038606219137464, 0.01008630770470929, -7.859700472969073e-05, 6.770719128036564e-06, -8.820179493827037e-08, -6.56421907718734e-10, 1.2151789665939564e-10, 3.562439548153663e-12, -4.6263637706254905e-14]
Vector  : [0.5918987807830575, 0.8195125497755201, -0.06405171373526154, 0.010558038441008855, -7.859700472969073e-05, 6.770719128036564e-06, -8.736107028598964e-08, -6.587924669196964e-10, 1.2151789665939564e-10, 3.5126293906255312e-12, -4.7229003832198425e-14]


Errors : 
 [[[587102.0431475565, 830422.6258177643], 0], [[588543.3373964705, 779948.9724656127], 3], [[593771.5736981438, 802965.0657884257], 4], [[594658.8606006613, 805041.7347813533], 2], [[609325.1519956565, 844561.5668109305], 1]]

Generation :  9

Current Vectors : 
Vector  : [0.6031390509850716, 0.8195125497755201, -0.06118287795081928, 0.010558038441008855, -7.859700472969073e-05, 6.878030480533649e-06, -8.820179493827037e-08, -6.724159799507426e-10, 1.2151789665939564e-10, 3.6045044523900596e-12, -4.7229003832198425e-14]
Vector  : [0.6031390509850716, 0.8195125497755201, -0.06405171373526154, 0.01003993376393706, -7.859700472969073e-05, 6.553926213469514e-06, -9.070878494520623e-08, -6.724159799507426e-10, 1.2151789665939564e-10, 3.6045044523900596e-12, -4.7229003832198425e-14]
Vector  : [0.6031390509850716, 0.8195125497755201, -0.06118287795081928, 0.010558038441008855, -7.859700472969073e-05, 6.878030480533649e-06, -8.820179493827037e-08, -6.724159799507426e-10, 1.2151789665939564e-10, 3.6045044523900596e-12, -4.7229003832198425e-14]
Vector  : [0.6103368463171942, 0.8195125497755201, -0.06038606219137464, 0.010558038441008855, -7.859700472969073e-05, 6.770719128036564e-06, -8.820179493827037e-08, -6.587924669196964e-10, 1.2151789665939564e-10, 3.562439548153663e-12, -4.6263637706254905e-14]
Vector  : [0.6185616632315606, 0.8452243173042228, -0.06118287795081928, 0.010558038441008855, -7.859700472969073e-05, 6.878030480533649e-06, -8.820179493827037e-08, -6.724159799507426e-10, 1.2151789665939564e-10, 3.6045044523900596e-12, -4.7229003832198425e-14]


Errors : 
 [[[577446.0648475509, 779514.1904583045], 3], [[586616.394147739, 830157.3097240818], 4], [[587102.0431475565, 830422.6258177643], 0], [[587102.0431475565, 830422.6258177643], 2], [[617399.038841759, 848324.9467377091], 1]]

Generation :  10

Current Vectors : 
Vector  : [0.5914002646386819, 0.802041966235689, -0.06038606219137464, 0.010558038441008855, -7.859700472969073e-05, 6.770719128036564e-06, -8.820179493827037e-08, -6.736533224800919e-10, 1.2151789665939564e-10, 3.666301479522371e-12, -4.8192431128866114e-14]
Vector  : [0.6103368463171942, 0.8181241808921339, -0.06118287795081928, 0.010558038441008855, -7.859700472969073e-05, 6.770719128036564e-06, -8.820179493827037e-08, -6.587924669196964e-10, 1.2151789665939564e-10, 3.6045044523900596e-12, -4.7229003832198425e-14]
Vector  : [0.6103368463171942, 0.8195125497755201, -0.06038606219137464, 0.010558038441008855, -7.859700472969073e-05, 6.770719128036564e-06, -8.820179493827037e-08, -6.587924669196964e-10, 1.2151789665939564e-10, 3.562439548153663e-12, -4.6263637706254905e-14]
Vector  : [0.6031390509850716, 0.8452243173042228, -0.06118287795081928, 0.010558038441008855, -8.132363375949598e-05, 6.878030480533649e-06, -8.820179493827037e-08, -6.724159799507426e-10, 1.2151789665939564e-10, 3.6045044523900596e-12, -4.7229003832198425e-14]
Vector  : [0.6103368463171942, 0.8195125497755201, -0.06038606219137464, 0.010558038441008855, -7.859700472969073e-05, 6.770719128036564e-06, -8.820179493827037e-08, -6.587924669196964e-10, 1.2151789665939564e-10, 3.562439548153663e-12, -4.6263637706254905e-14]


Errors : 
 [[[577446.0648475509, 779514.1904583045], 2], [[577446.0648475509, 779514.1904583045], 4], [[589243.4995503596, 828304.6107399672], 1], [[589825.473377636, 840353.2256851525], 3], [[601975.8542355988, 881842.209655591], 0]]

Generation :  11

Current Vectors : 
Vector  : [0.6103368463171942, 0.8598412545070614, -0.06038606219137464, 0.010558038441008855, -7.859700472969073e-05, 6.770719128036564e-06, -8.820179493827037e-08, -6.587924669196964e-10, 1.2151789665939564e-10, 3.562439548153663e-12, -4.8299215439705726e-14]
Vector  : [0.6103368463171942, 0.827121341753703, -0.0615094798217241, 0.010558038441008855, -7.859700472969073e-05, 6.770719128036564e-06, -8.820179493827037e-08, -6.587924669196964e-10, 1.2151789665939564e-10, 3.562439548153663e-12, -4.6263637706254905e-14]
Vector  : [0.6103368463171942, 0.8195125497755201, -0.06038606219137464, 0.010558038441008855, -7.859700472969073e-05, 6.770719128036564e-06, -8.820179493827037e-08, -6.587924669196964e-10, 1.2151789665939564e-10, 3.562439548153663e-12, -4.6263637706254905e-14]
Vector  : [0.6103368463171942, 0.8195125497755201, -0.06038606219137464, 0.010720976360769937, -7.859700472969073e-05, 6.770719128036564e-06, -8.820179493827037e-08, -6.587924669196964e-10, 1.2151789665939564e-10, 3.6045044523900596e-12, -4.6263637706254905e-14]
Vector  : [0.6103368463171942, 0.8195125497755201, -0.06038606219137464, 0.010558038441008855, -7.859700472969073e-05, 6.770719128036564e-06, -8.820179493827037e-08, -6.587924669196964e-10, 1.2151789665939564e-10, 3.562439548153663e-12, -4.6263637706254905e-14]


Errors : 
 [[[572556.3938940958, 791776.9176037201], 3], [[577446.0648475509, 779514.1904583045], 2], [[577446.0648475509, 779514.1904583045], 4], [[577812.2495148777, 781205.5446774651], 1], [[605902.9291437177, 856734.6465862999], 0]]

Generation :  12

Current Vectors : 
Vector  : [0.6103368463171942, 0.807784180178605, -0.06038606219137464, 0.010720976360769937, -7.90092435998856e-05, 6.770719128036564e-06, -8.820179493827037e-08, -6.341884317653265e-10, 1.2151789665939564e-10, 3.6045044523900596e-12, -4.6263637706254905e-14]
Vector  : [0.6217886620924564, 0.8195125497755201, -0.06038606219137464, 0.010558038441008855, -7.859700472969073e-05, 6.770719128036564e-06, -8.820179493827037e-08, -6.587924669196964e-10, 1.2151789665939564e-10, 3.577726962868254e-12, -4.6263637706254905e-14]
Vector  : [0.6103368463171942, 0.8195125497755201, -0.06038606219137464, 0.010720976360769937, -7.859700472969073e-05, 6.770719128036564e-06, -8.820179493827037e-08, -6.587924669196964e-10, 1.2151789665939564e-10, 3.6045044523900596e-12, -4.6263637706254905e-14]
Vector  : [0.6103368463171942, 0.8195125497755201, -0.06038606219137464, 0.010558038441008855, -7.859700472969073e-05, 6.893070859174818e-06, -8.820179493827037e-08, -6.587924669196964e-10, 1.2151789665939564e-10, 3.562439548153663e-12, -4.6263637706254905e-14]
Vector  : [0.6103368463171942, 0.8195125497755201, -0.06038606219137464, 0.010720976360769937, -7.859700472969073e-05, 6.770719128036564e-06, -8.736727681096128e-08, -6.587924669196964e-10, 1.2151789665939564e-10, 3.6045044523900596e-12, -4.6263637706254905e-14]


Errors : 
 [[[570500.9064282079, 785348.448981829], 4], [[572556.3938940958, 791776.9176037201], 2], [[572675.6125865082, 796099.6459125592], 0], [[574221.4593900101, 782993.386289234], 3], [[576719.7400104514, 783514.5483525863], 1]]

Generation :  13

Current Vectors : 
Vector  : [0.6103368463171942, 0.8195125497755201, -0.05889092465055341, 0.010373765062412957, -7.916409525886936e-05, 6.770719128036564e-06, -8.736727681096128e-08, -6.587924669196964e-10, 1.2151789665939564e-10, 3.6045044523900596e-12, -4.496721657309228e-14]
Vector  : [0.6103368463171942, 0.8364278589242559, -0.058323640378455555, 0.010720976360769937, -7.859700472969073e-05, 6.770719128036564e-06, -8.736727681096128e-08, -6.587924669196964e-10, 1.2151789665939564e-10, 3.6045044523900596e-12, -4.6263637706254905e-14]
Vector  : [0.6103368463171942, 0.8195125497755201, -0.06038606219137464, 0.010720976360769937, -7.859700472969073e-05, 6.770719128036564e-06, -8.736727681096128e-08, -6.587924669196964e-10, 1.2151789665939564e-10, 3.6045044523900596e-12, -4.6263637706254905e-14]
Vector  : [0.6103368463171942, 0.807784180178605, -0.06038606219137464, 0.010720976360769937, -7.90092435998856e-05, 6.770719128036564e-06, -8.820179493827037e-08, -6.587924669196964e-10, 1.2151789665939564e-10, 3.6045044523900596e-12, -4.6263637706254905e-14]
Vector  : [0.6103368463171942, 0.8195125497755201, -0.06306919262010581, 0.010720976360769937, -7.859700472969073e-05, 6.770719128036564e-06, -8.736727681096128e-08, -6.587924669196964e-10, 1.2151789665939564e-10, 3.6045044523900596e-12, -4.6263637706254905e-14]


Errors : 
 [[[561701.9112313715, 737594.4612738845], 0], [[569281.3251610452, 782018.9517489442], 1], [[570500.9064282079, 785348.448981829], 2], [[571699.9982094795, 789499.1365420651], 4], [[573206.235414288, 793358.1914900239], 3]]

Generation :  14

Current Vectors : 
Vector  : [0.6103368463171942, 0.8364278589242559, -0.05889092465055341, 0.009939602378697008, -7.593139989245062e-05, 6.770719128036564e-06, -8.736727681096128e-08, -6.587924669196964e-10, 1.2151789665939564e-10, 3.76659532492053e-12, -4.496721657309228e-14]
Vector  : [0.6103368463171942, 0.8195125497755201, -0.06310519670831913, 0.010373765062412957, -7.916409525886936e-05, 6.770719128036564e-06, -8.840838300814564e-08, -6.587924669196964e-10, 1.204917932265893e-10, 3.680595868939518e-12, -4.496721657309228e-14]
Vector  : [0.6103368463171942, 0.8195125497755201, -0.05889092465055341, 0.010373765062412957, -7.916409525886936e-05, 6.770719128036564e-06, -8.736727681096128e-08, -6.587924669196964e-10, 1.2151789665939564e-10, 3.6045044523900596e-12, -4.496721657309228e-14]
Vector  : [0.6103368463171942, 0.8195125497755201, -0.058323640378455555, 0.010720976360769937, -7.859700472969073e-05, 6.770719128036564e-06, -8.736727681096128e-08, -6.587924669196964e-10, 1.2151789665939564e-10, 3.6045044523900596e-12, -4.6263637706254905e-14]
Vector  : [0.6103368463171942, 0.8195125497755201, -0.05889092465055341, 0.009937001294519186, -7.916409525886936e-05, 6.770719128036564e-06, -8.736727681096128e-08, -6.587924669196964e-10, 1.2151789665939564e-10, 3.6045044523900596e-12, -4.496721657309228e-14]


Errors : 
 [[[561701.9112313715, 737594.4612738845], 2], [[566525.4728858524, 774700.9649476999], 0], [[569594.5462631134, 782178.2509914016], 3], [[569976.2712326797, 790993.8259573817], 1], [[571273.5268499213, 736644.7624473127], 4]]

Generation :  15

Current Vectors : 
Vector  : [0.6103368463171942, 0.8195125497755201, -0.05667609789518192, 0.009939602378697008, -7.593139989245062e-05, 6.770719128036564e-06, -8.736727681096128e-08, -6.587924669196964e-10, 1.2151789665939564e-10, 3.6045044523900596e-12, -4.496721657309228e-14]
Vector  : [0.6103368463171942, 0.8195125497755201, -0.05889092465055341, 0.010373765062412957, -7.916409525886936e-05, 6.770719128036564e-06, -8.516720838456414e-08, -6.906997527816315e-10, 1.2151789665939564e-10, 3.6045044523900596e-12, -4.6263637706254905e-14]
Vector  : [0.6103368463171942, 0.8195125497755201, -0.05889092465055341, 0.010373765062412957, -7.916409525886936e-05, 6.770719128036564e-06, -8.736727681096128e-08, -6.587924669196964e-10, 1.2151789665939564e-10, 3.6045044523900596e-12, -4.496721657309228e-14]
Vector  : [0.6103368463171942, 0.8364278589242559, -0.05889092465055341, 0.010720976360769937, -7.731715192855947e-05, 6.770719128036564e-06, -8.736727681096128e-08, -6.587924669196964e-10, 1.2151789665939564e-10, 3.76659532492053e-12, -4.756070778924125e-14]
Vector  : [0.6103368463171942, 0.8195125497755201, -0.05889092465055341, 0.010373765062412957, -7.916409525886936e-05, 6.770719128036564e-06, -8.736727681096128e-08, -6.587924669196964e-10, 1.244718324274764e-10, 3.6045044523900596e-12, -4.496721657309228e-14]


Errors : 
 [[[547934.7891590305, 692352.3182213272], 4], [[561701.9112313715, 737594.4612738845], 2], [[567621.9364737018, 722390.3054386603], 0], [[573145.3746375537, 763478.7034825694], 1], [[588028.0188183846, 884528.669405929], 3]]

Generation :  16

Current Vectors : 
Vector  : [0.6012244381426386, 0.8195125497755201, -0.05889092465055341, 0.010373765062412957, -7.916409525886936e-05, 6.770719128036564e-06, -8.736727681096128e-08, -6.587924669196964e-10, 1.2468546988643637e-10, 3.6045044523900596e-12, -4.496721657309228e-14]
Vector  : [0.6103368463171942, 0.8195125497755201, -0.05889092465055341, 0.010373765062412957, -7.916409525886936e-05, 6.770719128036564e-06, -8.876235391795779e-08, -6.587924669196964e-10, 1.2653678032645744e-10, 3.6045044523900596e-12, -4.496721657309228e-14]
Vector  : [0.6103368463171942, 0.8195125497755201, -0.05889092465055341, 0.010373765062412957, -7.916409525886936e-05, 6.770719128036564e-06, -8.736727681096128e-08, -6.587924669196964e-10, 1.244718324274764e-10, 3.6045044523900596e-12, -4.496721657309228e-14]
Vector  : [0.6103368463171942, 0.8195125497755201, -0.05889092465055341, 0.010373765062412957, -7.781243293743336e-05, 6.770719128036564e-06, -8.736727681096128e-08, -6.587924669196964e-10, 1.2151789665939564e-10, 3.761781278380184e-12, -4.496721657309228e-14]
Vector  : [0.6103368463171942, 0.8195125497755201, -0.05889092465055341, 0.010373765062412957, -7.916409525886936e-05, 6.770719128036564e-06, -8.736727681096128e-08, -6.603284686495546e-10, 1.244718324274764e-10, 3.6045044523900596e-12, -4.496721657309228e-14]


Errors : 
 [[[541819.2230869436, 671640.5782367525], 1], [[547022.9975011986, 689196.4070045342], 0], [[547934.7891590305, 692352.3182213272], 2], [[547972.9461845247, 692195.6438919312], 4], [[562275.0896009638, 785280.099987211], 3]]

Generation :  17

Current Vectors : 
Vector  : [0.6103368463171942, 0.8195125497755201, -0.05889092465055341, 0.010373765062412957, -7.764351050820914e-05, 6.770719128036564e-06, -8.736727681096128e-08, -6.587924669196964e-10, 1.2653678032645744e-10, 3.6045044523900596e-12, -4.3261305181436786e-14]
Vector  : [0.6103368463171942, 0.8195125497755201, -0.05889092465055341, 0.010373765062412957, -7.916409525886936e-05, 6.997446914058769e-06, -8.876235391795779e-08, -6.587924669196964e-10, 1.2653678032645744e-10, 3.6045044523900596e-12, -4.496721657309228e-14]
Vector  : [0.6103368463171942, 0.8195125497755201, -0.05889092465055341, 0.010373765062412957, -7.916409525886936e-05, 6.770719128036564e-06, -8.876235391795779e-08, -6.587924669196964e-10, 1.2653678032645744e-10, 3.6045044523900596e-12, -4.496721657309228e-14]
Vector  : [0.6103368463171942, 0.8195125497755201, -0.06107907860173638, 0.010373765062412957, -7.916409525886936e-05, 6.770719128036564e-06, -8.736727681096128e-08, -6.587924669196964e-10, 1.2982762234547505e-10, 3.6045044523900596e-12, -4.496721657309228e-14]
Vector  : [0.6103368463171942, 0.8195125497755201, -0.05889092465055341, 0.010373765062412957, -7.916409525886936e-05, 6.770719128036564e-06, -8.876235391795779e-08, -6.587924669196964e-10, 1.2653678032645744e-10, 3.538307327115935e-12, -4.496721657309228e-14]


Errors : 
 [[[525657.5882631685, 608150.4860423969], 0], [[528739.2401907371, 620337.408054187], 3], [[537497.582560825, 680160.4705597082], 1], [[541819.2230869436, 671640.5782367525], 2], [[544255.3375559448, 654811.1184760024], 4]]

Generation :  18

Current Vectors : 
Vector  : [0.6103368463171942, 0.8150054596611562, -0.05889092465055341, 0.010373765062412957, -7.625770800325707e-05, 6.770719128036564e-06, -8.736727681096128e-08, -6.587924669196964e-10, 1.2653678032645744e-10, 3.6045044523900596e-12, -4.3261305181436786e-14]
Vector  : [0.6103368463171942, 0.8195125497755201, -0.05889092465055341, 0.010373765062412957, -7.764351050820914e-05, 6.997446914058769e-06, -8.736727681096128e-08, -6.587924669196964e-10, 1.2653678032645744e-10, 3.778653495674922e-12, -4.3261305181436786e-14]
Vector  : [0.6103368463171942, 0.8195125497755201, -0.05889092465055341, 0.010373765062412957, -7.764351050820914e-05, 6.770719128036564e-06, -8.736727681096128e-08, -6.587924669196964e-10, 1.2653678032645744e-10, 3.6045044523900596e-12, -4.3261305181436786e-14]
Vector  : [0.6103368463171942, 0.8195125497755201, -0.06107907860173638, 0.010373765062412957, -7.916409525886936e-05, 6.770719128036564e-06, -8.572336769955171e-08, -6.587924669196964e-10, 1.2982762234547505e-10, 3.6045044523900596e-12, -4.496721657309228e-14]
Vector  : [0.6103368463171942, 0.8282731770294053, -0.05889092465055341, 0.010373765062412957, -7.919706676911997e-05, 6.770719128036564e-06, -8.736727681096128e-08, -6.587924669196964e-10, 1.2653678032645744e-10, 3.6045044523900596e-12, -4.3261305181436786e-14]


Errors : 
 [[[525193.3880598524, 604442.3369926463], 0], [[525657.5882631685, 608150.4860423969], 2], [[526136.1607294678, 612312.1953655394], 4], [[526787.8066929582, 610471.5175713969], 3], [[532945.6964324785, 683086.9627253971], 1]]

Generation :  19

Current Vectors : 
Vector  : [0.6205099155840466, 0.7860553782189725, -0.06011952362448192, 0.010373765062412957, -7.764351050820914e-05, 6.770719128036564e-06, -8.736727681096128e-08, -6.587924669196964e-10, 1.2653678032645744e-10, 3.6045044523900596e-12, -4.3261305181436786e-14]
Vector  : [0.6103368463171942, 0.8282731770294053, -0.05889092465055341, 0.010373765062412957, -7.919706676911997e-05, 6.770719128036564e-06, -8.736727681096128e-08, -6.587924669196964e-10, 1.2653678032645744e-10, 3.6045044523900596e-12, -4.3261305181436786e-14]
Vector  : [0.6103368463171942, 0.8150054596611562, -0.05889092465055341, 0.010373765062412957, -7.625770800325707e-05, 6.770719128036564e-06, -8.736727681096128e-08, -6.587924669196964e-10, 1.2653678032645744e-10, 3.6045044523900596e-12, -4.3261305181436786e-14]
Vector  : [0.6244129265805809, 0.8195125497755201, -0.06004244169072233, 0.010373765062412957, -7.764351050820914e-05, 6.770719128036564e-06, -8.736727681096128e-08, -6.587924669196964e-10, 1.2653678032645744e-10, 3.6045044523900596e-12, -4.3261305181436786e-14]
Vector  : [0.6103368463171942, 0.8150054596611562, -0.05889092465055341, 0.010373765062412957, -7.625770800325707e-05, 6.770719128036564e-06, -8.736727681096128e-08, -6.587924669196964e-10, 1.2653678032645744e-10, 3.6045044523900596e-12, -4.3261305181436786e-14]


Errors : 
 [[[525193.3880598524, 604442.3369926463], 2], [[525193.3880598524, 604442.3369926463], 4], [[525826.87491431, 609486.3317830802], 3], [[526136.1607294678, 612312.1953655394], 1], [[526468.358646434, 609867.0159087026], 0]]

Generation :  20

Current Vectors : 
Vector  : [0.6103368463171942, 0.8150054596611562, -0.05889092465055341, 0.010373765062412957, -7.625770800325707e-05, 6.770719128036564e-06, -8.736727681096128e-08, -6.587924669196964e-10, 1.2653678032645744e-10, 3.6045044523900596e-12, -4.3261305181436786e-14]
Vector  : [0.6103368463171942, 0.8150054596611562, -0.05889092465055341, 0.010373765062412957, -7.625770800325707e-05, 6.770719128036564e-06, -8.736727681096128e-08, -6.587924669196964e-10, 1.2653678032645744e-10, 3.6045044523900596e-12, -4.4211107862633496e-14]
Vector  : [0.6103368463171942, 0.8150054596611562, -0.05889092465055341, 0.010373765062412957, -7.625770800325707e-05, 6.770719128036564e-06, -8.736727681096128e-08, -6.587924669196964e-10, 1.2653678032645744e-10, 3.6045044523900596e-12, -4.3261305181436786e-14]
Vector  : [0.6103368463171942, 0.8195125497755201, -0.05889092465055341, 0.010802406102635359, -7.53818036059168e-05, 6.770719128036564e-06, -8.50004279177565e-08, -6.499947257257414e-10, 1.2653678032645744e-10, 3.753667298997509e-12, -4.3261305181436786e-14]
Vector  : [0.6103368463171942, 0.8150054596611562, -0.05889092465055341, 0.01081520311894724, -7.625770800325707e-05, 6.770719128036564e-06, -8.736727681096128e-08, -6.587924669196964e-10, 1.2653678032645744e-10, 3.769951457880002e-12, -4.3261305181436786e-14]


Errors : 
 [[[523821.62814328837, 649083.7385845488], 3], [[525193.3880598524, 604442.3369926463], 0], [[525193.3880598524, 604442.3369926463], 2], [[527325.2175612858, 670103.349426394], 4], [[531869.9042857185, 631377.1068164962], 1]]

Generation :  21

Current Vectors : 
Vector  : [0.6103368463171942, 0.8195125497755201, -0.05966897553324376, 0.010802406102635359, -7.614341476014804e-05, 6.4807077839024836e-06, -8.50004279177565e-08, -6.499947257257414e-10, 1.2653678032645744e-10, 3.753667298997509e-12, -4.518904147155077e-14]
Vector  : [0.6103368463171942, 0.8150054596611562, -0.05957801446048761, 0.010802406102635359, -7.53818036059168e-05, 6.770719128036564e-06, -8.50004279177565e-08, -6.573250574229252e-10, 1.2653678032645744e-10, 3.753667298997509e-12, -4.3261305181436786e-14]
Vector  : [0.6103368463171942, 0.8195125497755201, -0.05889092465055341, 0.010802406102635359, -7.53818036059168e-05, 6.770719128036564e-06, -8.50004279177565e-08, -6.499947257257414e-10, 1.2653678032645744e-10, 3.753667298997509e-12, -4.3261305181436786e-14]
Vector  : [0.6103368463171942, 0.8150054596611562, -0.05889092465055341, 0.010373765062412957, -7.625770800325707e-05, 6.770719128036564e-06, -8.736727681096128e-08, -6.60400602133318e-10, 1.214773264648601e-10, 3.6045044523900596e-12, -4.3261305181436786e-14]
Vector  : [0.6103368463171942, 0.8195125497755201, -0.05889092465055341, 0.010802406102635359, -7.53818036059168e-05, 6.770719128036564e-06, -8.50004279177565e-08, -6.499947257257414e-10, 1.2653678032645744e-10, 3.753667298997509e-12, -4.3261305181436786e-14]


Errors : 
 [[[523710.169263757, 648516.0257102296], 1], [[523821.62814328837, 649083.7385845488], 2], [[523821.62814328837, 649083.7385845488], 4], [[536256.4719854054, 688091.5351793792], 0], [[542271.5049087538, 672777.688457038], 3]]

Generation :  22

Current Vectors : 
Vector  : [0.6357183863497462, 0.8195125497755201, -0.05957801446048761, 0.010802406102635359, -7.522092758154689e-05, 6.770719128036564e-06, -8.50004279177565e-08, -6.573250574229252e-10, 1.2653678032645744e-10, 3.753667298997509e-12, -4.3261305181436786e-14]
Vector  : [0.6103368463171942, 0.8150054596611562, -0.05957801446048761, 0.010802406102635359, -7.512626915134639e-05, 6.770719128036564e-06, -8.50004279177565e-08, -6.573250574229252e-10, 1.2653678032645744e-10, 3.777062467122897e-12, -4.3261305181436786e-14]
Vector  : [0.6103368463171942, 0.8150054596611562, -0.05957801446048761, 0.010802406102635359, -7.53818036059168e-05, 6.770719128036564e-06, -8.50004279177565e-08, -6.573250574229252e-10, 1.2653678032645744e-10, 3.753667298997509e-12, -4.3261305181436786e-14]
Vector  : [0.6103368463171942, 0.8195125497755201, -0.05889092465055341, 0.010802406102635359, -7.53818036059168e-05, 6.91361707199182e-06, -8.308729746965654e-08, -6.499947257257414e-10, 1.2653678032645744e-10, 3.753667298997509e-12, -4.405148903635067e-14]
Vector  : [0.6103368463171942, 0.8263118262176117, -0.062110543975200695, 0.010802406102635359, -7.53818036059168e-05, 6.770719128036564e-06, -8.50004279177565e-08, -6.573250574229252e-10, 1.2653678032645744e-10, 3.753667298997509e-12, -4.3261305181436786e-14]


Errors : 
 [[[523606.5447792538, 648110.6273866296], 0], [[523710.169263757, 648516.0257102296], 2], [[523769.1159357273, 651094.7832560664], 4], [[526064.8460671573, 657975.195638636], 1], [[526866.705292586, 669766.3256578377], 3]]

Generation :  23

Current Vectors : 
Vector  : [0.6357183863497462, 0.8195125497755201, -0.0577048897683026, 0.010802406102635359, -7.253296408999529e-05, 6.770719128036564e-06, -8.50004279177565e-08, -6.573250574229252e-10, 1.2653678032645744e-10, 3.722741729246117e-12, -4.452553886784699e-14]
Vector  : [0.5963386933055378, 0.8195125497755201, -0.060987560705691835, 0.011097516311789037, -7.522092758154689e-05, 6.5582830387031916e-06, -8.50004279177565e-08, -6.573250574229252e-10, 1.2591000483643664e-10, 3.761657098629145e-12, -4.3261305181436786e-14]
Vector  : [0.6357183863497462, 0.8195125497755201, -0.05957801446048761, 0.010802406102635359, -7.522092758154689e-05, 6.770719128036564e-06, -8.50004279177565e-08, -6.573250574229252e-10, 1.2653678032645744e-10, 3.753667298997509e-12, -4.3261305181436786e-14]
Vector  : [0.6103368463171942, 0.8150054596611562, -0.05957801446048761, 0.01122612807290497, -7.53818036059168e-05, 6.770719128036564e-06, -8.50004279177565e-08, -6.573250574229252e-10, 1.2653678032645744e-10, 3.8868093900130685e-12, -4.3261305181436786e-14]
Vector  : [0.6357183863497462, 0.8213488513290168, -0.05957801446048761, 0.011314174917610827, -7.522092758154689e-05, 6.770719128036564e-06, -8.657503949038606e-08, -6.573250574229252e-10, 1.2653678032645744e-10, 3.753667298997509e-12, -4.3261305181436786e-14]


Errors : 
 [[[521377.59151692205, 669035.5932346247], 4], [[522809.54665234656, 652760.2139265314], 1], [[523606.5447792538, 648110.6273866296], 2], [[526725.8004742617, 660887.1598741909], 0], [[541323.8750457851, 725399.9066659145], 3]]

Generation :  24

Current Vectors : 
Vector  : [0.6357183863497462, 0.8195125497755201, -0.060987560705691835, 0.011475909655592064, -7.522092758154689e-05, 6.770719128036564e-06, -8.657503949038606e-08, -6.573250574229252e-10, 1.2653678032645744e-10, 3.721228305252901e-12, -4.3512553555813386e-14]
Vector  : [0.6357183863497462, 0.8213488513290168, -0.05957801446048761, 0.010802406102635359, -7.522092758154689e-05, 6.770719128036564e-06, -8.50004279177565e-08, -6.573250574229252e-10, 1.2653678032645744e-10, 3.753667298997509e-12, -4.3261305181436786e-14]
Vector  : [0.6357183863497462, 0.8213488513290168, -0.05957801446048761, 0.011314174917610827, -7.522092758154689e-05, 6.770719128036564e-06, -8.657503949038606e-08, -6.573250574229252e-10, 1.2653678032645744e-10, 3.753667298997509e-12, -4.3261305181436786e-14]
Vector  : [0.5869361560998761, 0.8195125497755201, -0.060987560705691835, 0.011097516311789037, -7.815650644158795e-05, 6.770719128036564e-06, -8.50004279177565e-08, -6.573250574229252e-10, 1.2591000483643664e-10, 3.753667298997509e-12, -4.3261305181436786e-14]
Vector  : [0.6357183863497462, 0.8213488513290168, -0.05957801446048761, 0.011314174917610827, -7.522092758154689e-05, 6.770719128036564e-06, -8.657503949038606e-08, -6.573250574229252e-10, 1.2653678032645744e-10, 3.753667298997509e-12, -4.3261305181436786e-14]


Errors : 
 [[[518115.60345376807, 666633.6219331427], 0], [[521377.59151692205, 669035.5932346247], 2], [[521377.59151692205, 669035.5932346247], 4], [[523581.5435777599, 648108.5179091478], 1], [[523734.83558327367, 671302.1774304109], 3]]

Generation :  25

Current Vectors : 
Vector  : [0.631286289943977, 0.8195125497755201, -0.060987560705691835, 0.011475909655592064, -7.522092758154689e-05, 6.4608688538868205e-06, -8.657503949038606e-08, -6.573250574229252e-10, 1.2653678032645744e-10, 3.721228305252901e-12, -4.3512553555813386e-14]
Vector  : [0.6357183863497462, 0.7927900756313131, -0.05957801446048761, 0.011475909655592064, -7.522092758154689e-05, 6.888656203546008e-06, -8.657503949038606e-08, -6.573250574229252e-10, 1.2653678032645744e-10, 3.721228305252901e-12, -4.3512553555813386e-14]
Vector  : [0.6357183863497462, 0.8195125497755201, -0.060987560705691835, 0.011475909655592064, -7.522092758154689e-05, 6.770719128036564e-06, -8.657503949038606e-08, -6.573250574229252e-10, 1.2653678032645744e-10, 3.721228305252901e-12, -4.3512553555813386e-14]
Vector  : [0.6357183863497462, 0.8213488513290168, -0.05957801446048761, 0.011314174917610827, -7.522092758154689e-05, 6.432183944895072e-06, -8.657503949038606e-08, -6.573250574229252e-10, 1.2653678032645744e-10, 3.753667298997509e-12, -4.3261305181436786e-14]
Vector  : [0.6357183863497462, 0.8195125497755201, -0.060987560705691835, 0.011475909655592064, -7.522092758154689e-05, 6.770719128036564e-06, -8.313414509076202e-08, -6.573250574229252e-10, 1.2653678032645744e-10, 3.721228305252901e-12, -4.3512553555813386e-14]


Errors : 
 [[[515284.3182208076, 647985.1666946567], 4], [[517189.1367572366, 645736.5637128266], 0], [[518115.60345376807, 666633.6219331427], 2], [[519253.2267104282, 674004.041410596], 1], [[519808.6202884245, 645436.7670295627], 3]]

Generation :  26

Current Vectors : 
Vector  : [0.6357183863497462, 0.8195125497755201, -0.06376177024475359, 0.011475909655592064, -7.522092758154689e-05, 6.4608688538868205e-06, -8.313414509076202e-08, -6.75819215692545e-10, 1.2653678032645744e-10, 3.721228305252901e-12, -4.3512553555813386e-14]
Vector  : [0.6357183863497462, 0.8195125497755201, -0.060987560705691835, 0.011475909655592064, -7.522092758154689e-05, 7.059700660784361e-06, -8.402922964096945e-08, -6.573250574229252e-10, 1.2653678032645744e-10, 3.721228305252901e-12, -4.3512553555813386e-14]
Vector  : [0.6357183863497462, 0.8195125497755201, -0.060987560705691835, 0.011475909655592064, -7.522092758154689e-05, 6.770719128036564e-06, -8.313414509076202e-08, -6.573250574229252e-10, 1.2653678032645744e-10, 3.721228305252901e-12, -4.3512553555813386e-14]
Vector  : [0.6357183863497462, 0.8195125497755201, -0.05800908237009882, 0.011475909655592064, -7.522092758154689e-05, 6.471595358234769e-06, -9.071988334922505e-08, -6.573250574229252e-10, 1.2653678032645744e-10, 3.721228305252901e-12, -4.3512553555813386e-14]
Vector  : [0.6357183863497462, 0.8195125497755201, -0.060987560705691835, 0.011475909655592064, -7.522092758154689e-05, 6.770719128036564e-06, -8.313414509076202e-08, -6.573250574229252e-10, 1.2834578073693732e-10, 3.721228305252901e-12, -4.3512553555813386e-14]


Errors : 
 [[[512209.05041875027, 627372.8410360964], 4], [[514011.00015107205, 626534.3196845507], 0], [[515284.3182208076, 647985.1666946567], 2], [[519132.9742224266, 675508.0720233803], 1], [[521128.06397755333, 667105.5432721843], 3]]

Generation :  27

Current Vectors : 
Vector  : [0.6357183863497462, 0.8195125497755201, -0.060987560705691835, 0.011475909655592064, -7.522092758154689e-05, 6.770719128036564e-06, -8.313414509076202e-08, -6.494586362832467e-10, 1.2834578073693732e-10, 3.649867696790209e-12, -4.3512553555813386e-14]
Vector  : [0.6357183863497462, 0.781640030807462, -0.060987560705691835, 0.011475909655592064, -7.549151308769101e-05, 6.770719128036564e-06, -8.313414509076202e-08, -6.573250574229252e-10, 1.2834578073693732e-10, 3.721228305252901e-12, -4.3512553555813386e-14]
Vector  : [0.6357183863497462, 0.8195125497755201, -0.060987560705691835, 0.011475909655592064, -7.522092758154689e-05, 6.770719128036564e-06, -8.313414509076202e-08, -6.573250574229252e-10, 1.2834578073693732e-10, 3.721228305252901e-12, -4.3512553555813386e-14]
Vector  : [0.6357183863497462, 0.8195125497755201, -0.06376177024475359, 0.011475909655592064, -7.522092758154689e-05, 6.770719128036564e-06, -8.313414509076202e-08, -6.45076843474196e-10, 1.2568677698028668e-10, 3.721228305252901e-12, -4.3512553555813386e-14]
Vector  : [0.6357183863497462, 0.8195125497755201, -0.060987560705691835, 0.011591734422482864, -7.522092758154689e-05, 6.770719128036564e-06, -8.313414509076202e-08, -6.619052249959846e-10, 1.2834578073693732e-10, 3.721228305252901e-12, -4.3512553555813386e-14]


Errors : 
 [[[505110.08789853414, 598305.3837292937], 0], [[511401.44706946315, 629584.0404514145], 4], [[512209.05041875027, 627372.8410360964], 2], [[512711.9103656293, 627942.6828698169], 1], [[517775.96093762043, 663113.2283579248], 3]]

Generation :  28

Current Vectors : 
Vector  : [0.6357183863497462, 0.8195125497755201, -0.060987560705691835, 0.011591734422482864, -7.522092758154689e-05, 6.721888755386773e-06, -8.313414509076202e-08, -6.270272221348363e-10, 1.2834578073693732e-10, 3.721228305252901e-12, -4.3512553555813386e-14]
Vector  : [0.6357183863497462, 0.8195125497755201, -0.060987560705691835, 0.011475909655592064, -7.522092758154689e-05, 6.770719128036564e-06, -8.313414509076202e-08, -6.494586362832467e-10, 1.2834578073693732e-10, 3.649867696790209e-12, -4.551151954740112e-14]
Vector  : [0.6357183863497462, 0.8195125497755201, -0.060987560705691835, 0.011475909655592064, -7.522092758154689e-05, 6.770719128036564e-06, -8.313414509076202e-08, -6.494586362832467e-10, 1.2834578073693732e-10, 3.649867696790209e-12, -4.3512553555813386e-14]
Vector  : [0.6559176409875817, 0.8195125497755201, -0.060987560705691835, 0.011475909655592064, -7.522092758154689e-05, 6.770719128036564e-06, -8.313414509076202e-08, -6.619052249959846e-10, 1.2834578073693732e-10, 3.721228305252901e-12, -4.3512553555813386e-14]
Vector  : [0.6357183863497462, 0.8195125497755201, -0.060987560705691835, 0.011475909655592064, -7.522092758154689e-05, 6.9778382881222365e-06, -8.313414509076202e-08, -6.494586362832467e-10, 1.2834578073693732e-10, 3.649867696790209e-12, -4.3512553555813386e-14]


Errors : 
 [[[505110.08789853414, 598305.3837292937], 2], [[505780.77128737496, 612435.5826919578], 4], [[512017.8173074698, 626513.3962566375], 3], [[512485.80363283464, 632497.4915549579], 0], [[515416.8626251474, 650652.4040135843], 1]]

Generation :  29

Current Vectors : 
Vector  : [0.6355949499138142, 0.8195125497755201, -0.060987560705691835, 0.011475909655592064, -7.522092758154689e-05, 6.770719128036564e-06, -8.313414509076202e-08, -6.494586362832467e-10, 1.2834578073693732e-10, 3.649867696790209e-12, -4.3512553555813386e-14]
Vector  : [0.6357183863497462, 0.8195125497755201, -0.060987560705691835, 0.011475909655592064, -7.522092758154689e-05, 6.465526081944553e-06, -8.313414509076202e-08, -6.494586362832467e-10, 1.2834578073693732e-10, 3.859606507841683e-12, -4.3512553555813386e-14]
Vector  : [0.6357183863497462, 0.8195125497755201, -0.060987560705691835, 0.011475909655592064, -7.522092758154689e-05, 6.770719128036564e-06, -8.313414509076202e-08, -6.494586362832467e-10, 1.2834578073693732e-10, 3.649867696790209e-12, -4.3512553555813386e-14]
Vector  : [0.6357183863497462, 0.8195125497755201, -0.06259634647086165, 0.011475909655592064, -7.555871579959787e-05, 6.770719128036564e-06, -8.313414509076202e-08, -6.619052249959846e-10, 1.3087711313008617e-10, 3.649867696790209e-12, -4.3512553555813386e-14]
Vector  : [0.6357183863497462, 0.8424067229195564, -0.060987560705691835, 0.011475909655592064, -7.522092758154689e-05, 6.770719128036564e-06, -8.075657253411015e-08, -6.175655075087644e-10, 1.2834578073693732e-10, 3.649867696790209e-12, -4.3512553555813386e-14]


Errors : 
 [[[501361.64766409935, 571164.5208641506], 3], [[504423.55135990505, 591830.0893177411], 4], [[505110.08789853414, 598305.3837292937], 2], [[505110.0978582017, 598305.4040817872], 0], [[528285.4420705232, 670488.9182769505], 1]]

Generation :  30

Current Vectors : 
Vector  : [0.6357183863497462, 0.8195125497755201, -0.06259634647086165, 0.011475909655592064, -7.555871579959787e-05, 6.770719128036564e-06, -8.313414509076202e-08, -6.619052249959846e-10, 1.3087711313008617e-10, 3.649867696790209e-12, -4.3512553555813386e-14]
Vector  : [0.6357183863497462, 0.8195125497755201, -0.05963054957659818, 0.011475909655592064, -7.522092758154689e-05, 6.516810201164885e-06, -8.313414509076202e-08, -6.619052249959846e-10, 1.3087711313008617e-10, 3.649867696790209e-12, -4.3512553555813386e-14]
Vector  : [0.6357183863497462, 0.8195125497755201, -0.06259634647086165, 0.011475909655592064, -7.555871579959787e-05, 6.770719128036564e-06, -8.313414509076202e-08, -6.619052249959846e-10, 1.3087711313008617e-10, 3.649867696790209e-12, -4.3512553555813386e-14]
Vector  : [0.6357183863497462, 0.8424067229195564, -0.060987560705691835, 0.011475909655592064, -7.522092758154689e-05, 6.770719128036564e-06, -8.075657253411015e-08, -6.494586362832467e-10, 1.2834578073693732e-10, 3.649867696790209e-12, -4.3512553555813386e-14]
Vector  : [0.6357183863497462, 0.8195125497755201, -0.06259634647086165, 0.011475909655592064, -7.555871579959787e-05, 6.770719128036564e-06, -8.313414509076202e-08, -6.619052249959846e-10, 1.3087711313008617e-10, 3.649867696790209e-12, -4.3512553555813386e-14]


Errors : 
 [[[501361.64766409935, 571164.5208641506], 0], [[501361.64766409935, 571164.5208641506], 2], [[501361.64766409935, 571164.5208641506], 4], [[501930.40834791434, 552436.6685132375], 1], [[503518.8067803069, 586439.1992972203], 3]]

Generation :  31

Current Vectors : 
Vector  : [0.6357183863497462, 0.8195125497755201, -0.06259634647086165, 0.011475909655592064, -7.555871579959787e-05, 6.446753904896163e-06, -7.905739447158601e-08, -6.599733322931045e-10, 1.3087711313008617e-10, 3.649867696790209e-12, -4.3512553555813386e-14]
Vector  : [0.6047792221213046, 0.8195125497755201, -0.06259634647086165, 0.011475909655592064, -7.555871579959787e-05, 6.804508421393654e-06, -8.485601182460021e-08, -6.77310419083874e-10, 1.3087711313008617e-10, 3.66290631047549e-12, -4.3512553555813386e-14]
Vector  : [0.6357183863497462, 0.8195125497755201, -0.06259634647086165, 0.011475909655592064, -7.555871579959787e-05, 6.770719128036564e-06, -8.313414509076202e-08, -6.619052249959846e-10, 1.3087711313008617e-10, 3.649867696790209e-12, -4.3512553555813386e-14]
Vector  : [0.6357183863497462, 0.8195125497755201, -0.06382752433350533, 0.011862623530207457, -7.555871579959787e-05, 6.770719128036564e-06, -8.313414509076202e-08, -6.619052249959846e-10, 1.2950084121838256e-10, 3.649867696790209e-12, -4.208772528064034e-14]
Vector  : [0.6357183863497462, 0.8195125497755201, -0.06259634647086165, 0.011475909655592064, -7.446038958807666e-05, 6.770719128036564e-06, -8.313414509076202e-08, -6.619052249959846e-10, 1.2959833557133176e-10, 3.649867696790209e-12, -4.3512553555813386e-14]


Errors : 
 [[[496214.5895203256, 563271.6658165946], 3], [[501176.31732217886, 533084.7229114657], 0], [[501361.64766409935, 571164.5208641506], 2], [[502842.4469065176, 584316.3459627682], 1], [[502851.5519687088, 582319.1091153099], 4]]

Generation :  32

Current Vectors : 
Vector  : [0.6166160306959245, 0.8415803603389799, -0.06259634647086165, 0.011862623530207457, -7.555871579959787e-05, 6.770719128036564e-06, -7.905739447158601e-08, -6.619052249959846e-10, 1.2950084121838256e-10, 3.649867696790209e-12, -4.208772528064034e-14]
Vector  : [0.6357183863497462, 0.8195125497755201, -0.06382752433350533, 0.012060327743481196, -7.555871579959787e-05, 6.770719128036564e-06, -8.313414509076202e-08, -6.619052249959846e-10, 1.2950084121838256e-10, 3.8098951424058206e-12, -4.3512553555813386e-14]
Vector  : [0.6357183863497462, 0.8195125497755201, -0.06382752433350533, 0.011862623530207457, -7.555871579959787e-05, 6.770719128036564e-06, -8.313414509076202e-08, -6.619052249959846e-10, 1.2950084121838256e-10, 3.649867696790209e-12, -4.208772528064034e-14]
Vector  : [0.6357183863497462, 0.844617044044414, -0.06259634647086165, 0.011475909655592064, -7.555871579959787e-05, 6.264024146294156e-06, -8.296961158262743e-08, -6.599733322931045e-10, 1.3087711313008617e-10, 3.578904502452173e-12, -4.3512553555813386e-14]
Vector  : [0.6357183863497462, 0.8195125497755201, -0.06382752433350533, 0.011862623530207457, -7.555871579959787e-05, 6.770719128036564e-06, -8.313414509076202e-08, -6.619052249959846e-10, 1.2950084121838256e-10, 3.649867696790209e-12, -4.359134396559218e-14]


Errors : 
 [[[495905.61025756394, 545125.5442945517], 0], [[496214.5895203256, 563271.6658165946], 2], [[500286.108706687, 597519.7403660425], 4], [[502607.7904976636, 520922.3349263991], 3], [[523973.2974466899, 680296.301987942], 1]]

Generation :  33

Current Vectors : 
Vector  : [0.6441262497550023, 0.8415803603389799, -0.06496881802663618, 0.011862623530207457, -7.555871579959787e-05, 6.999451752961277e-06, -7.905739447158601e-08, -6.619052249959846e-10, 1.2950084121838256e-10, 3.710407831591096e-12, -4.208772528064034e-14]
Vector  : [0.6166160306959245, 0.8415803603389799, -0.06259634647086165, 0.011862623530207457, -7.555871579959787e-05, 6.770719128036564e-06, -7.905739447158601e-08, -6.619052249959846e-10, 1.2950084121838256e-10, 3.649867696790209e-12, -4.350182972364641e-14]
Vector  : [0.6166160306959245, 0.8415803603389799, -0.06259634647086165, 0.011862623530207457, -7.555871579959787e-05, 6.770719128036564e-06, -7.905739447158601e-08, -6.619052249959846e-10, 1.2950084121838256e-10, 3.649867696790209e-12, -4.208772528064034e-14]
Vector  : [0.6357183863497462, 0.8195125497755201, -0.06611591996636633, 0.011862623530207457, -7.555871579959787e-05, 6.770719128036564e-06, -8.56866326851215e-08, -6.619052249959846e-10, 1.2950084121838256e-10, 3.649867696790209e-12, -4.359134396559218e-14]
Vector  : [0.6142298145160611, 0.8415803603389799, -0.061463997392746654, 0.011862623530207457, -7.555871579959787e-05, 6.514568298940533e-06, -7.905739447158601e-08, -6.619052249959846e-10, 1.2950084121838256e-10, 3.649867696790209e-12, -4.208772528064034e-14]


Errors : 
 [[[494930.7526602956, 526617.168002418], 4], [[495905.61025756394, 545125.5442945517], 2], [[498166.8276717914, 575177.4916705256], 1], [[501916.5609097207, 612391.0953542676], 3], [[507715.5987988594, 593950.3451917523], 0]]

Generation :  34

Current Vectors : 
Vector  : [0.6142298145160611, 0.8415803603389799, -0.06370412508427561, 0.011862623530207457, -7.555871579959787e-05, 6.770719128036564e-06, -8.282350226456287e-08, -6.619052249959846e-10, 1.2820001097458112e-10, 3.649867696790209e-12, -4.054379852136279e-14]
Vector  : [0.6230837320656153, 0.8415803603389799, -0.06259634647086165, 0.011862623530207457, -7.555871579959787e-05, 6.770719128036564e-06, -7.905739447158601e-08, -6.619052249959846e-10, 1.2950084121838256e-10, 3.5279856525652908e-12, -4.208772528064034e-14]
Vector  : [0.6142298145160611, 0.8415803603389799, -0.061463997392746654, 0.011862623530207457, -7.555871579959787e-05, 6.514568298940533e-06, -7.905739447158601e-08, -6.619052249959846e-10, 1.2950084121838256e-10, 3.649867696790209e-12, -4.208772528064034e-14]
Vector  : [0.6166160306959245, 0.8504448883615061, -0.06259634647086165, 0.011862623530207457, -7.555871579959787e-05, 7.071034215152593e-06, -7.905739447158601e-08, -6.619052249959846e-10, 1.2950084121838256e-10, 3.649867696790209e-12, -4.1147093547019104e-14]
Vector  : [0.6142298145160611, 0.8415803603389799, -0.061463997392746654, 0.011862623530207457, -7.555871579959787e-05, 6.514568298940533e-06, -7.905739447158601e-08, -6.619052249959846e-10, 1.2950084121838256e-10, 3.649867696790209e-12, -4.208772528064034e-14]


Errors : 
 [[[485330.13100391516, 497934.77524189773], 1], [[494482.1716301382, 541959.4744224569], 0], [[494930.7526602956, 526617.168002418], 2], [[494930.7526602956, 526617.168002418], 4], [[499243.8410231798, 550750.5633600034], 3]]

Generation :  35

Current Vectors : 
Vector  : [0.6230837320656153, 0.8415803603389799, -0.06259634647086165, 0.011862623530207457, -7.555871579959787e-05, 6.56952191617628e-06, -8.163960136684861e-08, -6.727142895258709e-10, 1.2950084121838256e-10, 3.5279856525652908e-12, -4.208772528064034e-14]
Vector  : [0.6230837320656153, 0.8415803603389799, -0.06259634647086165, 0.011862623530207457, -7.239199272974943e-05, 6.770719128036564e-06, -7.905739447158601e-08, -6.619052249959846e-10, 1.3355386189499747e-10, 3.5279856525652908e-12, -4.208772528064034e-14]
Vector  : [0.6230837320656153, 0.8415803603389799, -0.06259634647086165, 0.011862623530207457, -7.555871579959787e-05, 6.770719128036564e-06, -7.905739447158601e-08, -6.619052249959846e-10, 1.2950084121838256e-10, 3.5279856525652908e-12, -4.208772528064034e-14]
Vector  : [0.6142298145160611, 0.8415803603389799, -0.06580921054052195, 0.011862623530207457, -7.555871579959787e-05, 6.514568298940533e-06, -8.282350226456287e-08, -6.522307935749993e-10, 1.2820001097458112e-10, 3.4893301210029002e-12, -4.09866553579448e-14]
Vector  : [0.6307487054465064, 0.8415803603389799, -0.06259634647086165, 0.011862623530207457, -7.555871579959787e-05, 6.771233516139011e-06, -8.281770855817819e-08, -6.619052249959846e-10, 1.3521717044728244e-10, 3.5279856525652908e-12, -4.208772528064034e-14]


Errors : 
 [[[484697.5467799575, 463909.676830907], 4], [[485330.13100391516, 497934.77524189773], 2], [[486133.27012509387, 483620.9434615344], 3], [[486435.3084892016, 458625.2266100577], 1], [[487510.57294353534, 497549.5572620733], 0]]

Generation :  36

Current Vectors : 
Vector  : [0.6215735562004181, 0.8325495115906394, -0.06259634647086165, 0.01154202185715931, -7.555871579959787e-05, 6.771233516139011e-06, -8.281770855817819e-08, -6.619052249959846e-10, 1.3521717044728244e-10, 3.5279856525652908e-12, -4.208772528064034e-14]
Vector  : [0.6307487054465064, 0.8415803603389799, -0.06259634647086165, 0.011862623530207457, -7.703835361263523e-05, 6.771233516139011e-06, -8.281770855817819e-08, -6.619052249959846e-10, 1.3521717044728244e-10, 3.5279856525652908e-12, -4.208772528064034e-14]
Vector  : [0.6307487054465064, 0.8415803603389799, -0.06259634647086165, 0.011862623530207457, -7.555871579959787e-05, 6.771233516139011e-06, -8.281770855817819e-08, -6.619052249959846e-10, 1.3521717044728244e-10, 3.5279856525652908e-12, -4.208772528064034e-14]
Vector  : [0.6142298145160611, 0.8415803603389799, -0.06259634647086165, 0.011862623530207457, -7.586721783422434e-05, 6.947341809966929e-06, -7.905739447158601e-08, -6.850443430481486e-10, 1.2950084121838256e-10, 3.521106764337912e-12, -4.09866553579448e-14]
Vector  : [0.6307487054465064, 0.8415803603389799, -0.06259634647086165, 0.011862623530207457, -7.555871579959787e-05, 6.771233516139011e-06, -8.281770855817819e-08, -6.619052249959846e-10, 1.3521717044728244e-10, 3.5279856525652908e-12, -4.208772528064034e-14]


Errors : 
 [[[482762.6642049487, 481518.97619638045], 3], [[484267.2456530136, 466274.9748192773], 1], [[484697.5467799575, 463909.676830907], 2], [[484697.5467799575, 463909.676830907], 4], [[488910.9251551383, 458431.6247083937], 0]]

Generation :  37

Current Vectors : 
Vector  : [0.6142298145160611, 0.8415803603389799, -0.06259634647086165, 0.011862623530207457, -7.586721783422434e-05, 7.013618589770375e-06, -7.582338146346162e-08, -6.903416239057151e-10, 1.2950084121838256e-10, 3.521106764337912e-12, -4.09866553579448e-14]
Vector  : [0.6142298145160611, 0.8426984008452848, -0.06259634647086165, 0.011862623530207457, -7.586721783422434e-05, 6.771233516139011e-06, -7.589175438415775e-08, -6.850443430481486e-10, 1.2950084121838256e-10, 3.521106764337912e-12, -4.208772528064034e-14]
Vector  : [0.6142298145160611, 0.8415803603389799, -0.06259634647086165, 0.011862623530207457, -7.586721783422434e-05, 6.947341809966929e-06, -7.905739447158601e-08, -6.850443430481486e-10, 1.2950084121838256e-10, 3.521106764337912e-12, -4.09866553579448e-14]
Vector  : [0.6307487054465064, 0.8415803603389799, -0.06164073464474898, 0.011862623530207457, -7.703835361263523e-05, 6.771233516139011e-06, -8.281770855817819e-08, -6.619052249959846e-10, 1.3521717044728244e-10, 3.5279856525652908e-12, -4.208772528064034e-14]
Vector  : [0.5972236235005021, 0.8415803603389799, -0.06259634647086165, 0.011862623530207457, -7.586721783422434e-05, 6.947341809966929e-06, -7.905739447158601e-08, -6.850443430481486e-10, 1.2950084121838256e-10, 3.521106764337912e-12, -4.09866553579448e-14]


Errors : 
 [[[482762.5507951962, 481519.6144134228], 4], [[482762.6642049487, 481518.97619638045], 2], [[483567.65599715355, 472933.94959010277], 0], [[484431.44753069815, 465676.3799944355], 3], [[484785.4638327773, 480107.1026230855], 1]]

Generation :  38

Current Vectors : 
Vector  : [0.5972236235005021, 0.8415803603389799, -0.06259634647086165, 0.012444649540664487, -7.586721783422434e-05, 6.947341809966929e-06, -8.29605880476506e-08, -6.850443430481486e-10, 1.2950084121838256e-10, 3.4593260413051008e-12, -4.09866553579448e-14]
Vector  : [0.5972236235005021, 0.8415803603389799, -0.06259634647086165, 0.01148098341231812, -7.586721783422434e-05, 6.947341809966929e-06, -7.905739447158601e-08, -6.850443430481486e-10, 1.2950084121838256e-10, 3.521106764337912e-12, -4.09866553579448e-14]
Vector  : [0.5972236235005021, 0.8415803603389799, -0.06259634647086165, 0.011862623530207457, -7.586721783422434e-05, 6.947341809966929e-06, -7.905739447158601e-08, -6.850443430481486e-10, 1.2950084121838256e-10, 3.521106764337912e-12, -4.09866553579448e-14]
Vector  : [0.6142298145160611, 0.8415803603389799, -0.06259634647086165, 0.011862623530207457, -7.901619400093309e-05, 6.947341809966929e-06, -7.582338146346162e-08, -6.903416239057151e-10, 1.2950084121838256e-10, 3.521106764337912e-12, -4.09866553579448e-14]
Vector  : [0.5972236235005021, 0.8415803603389799, -0.06259634647086165, 0.011862623530207457, -7.586721783422434e-05, 6.947341809966929e-06, -7.905739447158601e-08, -6.850443430481486e-10, 1.2612263087509997e-10, 3.521106764337912e-12, -4.09866553579448e-14]


Errors : 
 [[[471769.2880196519, 485792.21608770813], 0], [[482762.5507951962, 481519.6144134228], 2], [[482801.49288856424, 473939.9301663154], 3], [[483736.5871321961, 511505.3035190751], 4], [[487324.250737785, 474698.86115347], 1]]

Generation :  39

Current Vectors : 
Vector  : [0.5984730879648545, 0.8415803603389799, -0.06259634647086165, 0.012470205842587217, -7.586721783422434e-05, 6.947341809966929e-06, -8.29605880476506e-08, -6.850443430481486e-10, 1.2623500525656403e-10, 3.4593260413051008e-12, -4.09866553579448e-14]
Vector  : [0.5972236235005021, 0.8415803603389799, -0.06259634647086165, 0.012985390840502155, -7.901619400093309e-05, 6.947341809966929e-06, -8.29605880476506e-08, -6.850443430481486e-10, 1.2950084121838256e-10, 3.4623381855159174e-12, -4.09866553579448e-14]
Vector  : [0.5972236235005021, 0.8415803603389799, -0.06259634647086165, 0.012444649540664487, -7.586721783422434e-05, 6.947341809966929e-06, -8.29605880476506e-08, -6.850443430481486e-10, 1.2950084121838256e-10, 3.4593260413051008e-12, -4.09866553579448e-14]
Vector  : [0.6142298145160611, 0.853699031554609, -0.06259634647086165, 0.011862623530207457, -7.901619400093309e-05, 6.947341809966929e-06, -7.582338146346162e-08, -6.850443430481486e-10, 1.2950084121838256e-10, 3.521106764337912e-12, -4.09866553579448e-14]
Vector  : [0.5972236235005021, 0.8415803603389799, -0.06259634647086165, 0.012444649540664487, -7.586721783422434e-05, 6.947341809966929e-06, -8.477803034629123e-08, -6.850443430481486e-10, 1.2950084121838256e-10, 3.4593260413051008e-12, -4.09866553579448e-14]


Errors : 
 [[[466799.48290243774, 503748.6969365755], 1], [[471769.2880196519, 485792.21608770813], 2], [[471872.3677563645, 493136.8956800533], 4], [[473997.33801257797, 516623.2464159497], 0], [[482725.2309992332, 474708.48292225803], 3]]

Generation :  40

Current Vectors : 
Vector  : [0.5682882928777974, 0.8415803603389799, -0.06259634647086165, 0.012985390840502155, -7.586721783422434e-05, 6.947341809966929e-06, -8.29605880476506e-08, -6.850443430481486e-10, 1.2950084121838256e-10, 3.4623381855159174e-12, -4.09866553579448e-14]
Vector  : [0.6127490642189071, 0.8415803603389799, -0.06259634647086165, 0.012985390840502155, -7.901619400093309e-05, 6.947341809966929e-06, -8.29605880476506e-08, -6.850443430481486e-10, 1.2950084121838256e-10, 3.4623381855159174e-12, -4.300756306405053e-14]
Vector  : [0.5972236235005021, 0.8415803603389799, -0.06259634647086165, 0.012985390840502155, -7.901619400093309e-05, 6.947341809966929e-06, -8.29605880476506e-08, -6.850443430481486e-10, 1.2950084121838256e-10, 3.4623381855159174e-12, -4.09866553579448e-14]
Vector  : [0.5972236235005021, 0.8415803603389799, -0.06259634647086165, 0.012444649540664487, -7.924816469958256e-05, 6.947341809966929e-06, -8.29605880476506e-08, -6.850443430481486e-10, 1.2950084121838256e-10, 3.4593260413051008e-12, -4.09866553579448e-14]
Vector  : [0.5972236235005021, 0.8415803603389799, -0.06259634647086165, 0.012985390840502155, -7.901619400093309e-05, 6.947341809966929e-06, -8.29605880476506e-08, -6.850443430481486e-10, 1.2950084121838256e-10, 3.3537075650069103e-12, -4.09866553579448e-14]


Errors : 
 [[[459533.6835036761, 465367.72114517365], 4], [[466799.48290243774, 503748.6969365755], 2], [[467091.7270636322, 498310.6789384245], 0], [[471498.30855384795, 491885.83754868014], 3], [[471876.26613624906, 546384.145287133], 1]]

[0.5972236235005021, 0.8415803603389799, -0.063369211705991, 0.012985390840502155, -7.901619400093309e-05, 6.947341809966929e-06, -8.29605880476506e-08, -6.850443430481486e-10, 1.2950084121838256e-10, 3.3537075650069103e-12, -4.09866553579448e-14]
